Label,col-0,col-1,col-2,col-3,col-4,col-5,col-6,col-7,col-8,col-9,col-10,col-11,col-12,col-13,col-14,col-15,col-16,col-17,col-18,col-19,col-20,col-21,col-22,col-23,col-24,col-25,direction,cluster0_pred,cluster1_pred,cluster2_pred,selected-cluster,prediction,random-prediction
0.5332445,0.13344714,0.13344763,0.13350810000000002,0.13311322,0.14268437,0.07468752,0.51021457,0.532283,0.66074467,0.6142850000000001,0.61778563,0.6272331,0.60505533,0.57130975,0.59631914,0.5940819,0.13848339999999998,0.13806956,0.50614434,0.4716728,0.5782698000000001,0.5272232,0.8167518,0.8286073,0.63888633,0.10497932,3.0,0.49904737,0.42040902,0.5907082,cluster2_pred,,3
0.34816766,0.53054017,0.5286807,0.5095405,0.50511277,0.5158758,0.074291706,0.371931,0.39535204,0.5595464,0.51472104,0.54979646,0.52491575,0.530004,0.41922826,0.45153853,0.49915640000000006,0.5382848000000001,0.49385566,0.63203925,0.66560864,0.48151130000000003,0.50839955,0.59295404,0.65257126,0.91612184,0.49766034,2.0,0.48422796,0.5296569,0.5185334,cluster1_pred,2.0,2
0.52168155,0.8382055,0.8663888000000001,0.8406658000000001,0.86435574,0.8661814,0.048181199999999993,0.5275099,0.4585076,0.42705360000000003,0.34969515,0.3899473,0.39999107,0.3598868,0.41825595,0.44031620000000005,0.49453,0.97931975,0.93346655,0.43534842,0.4663498,0.39327097,0.35953909999999994,0.20281544,0.35350690000000007,0.9932006999999999,0.6465478,3.0,0.53671694,0.5077959,0.5205408,cluster0_pred,3.0,3
0.49211976,0.09527645,0.09484954,0.09155717,0.0911569,0.0977113,0.0894641,0.48389477,0.5042449999999999,0.64529574,0.5972066999999999,0.5766125,0.58769804,0.54540646,0.5582311,0.5778025,0.6146343000000001,0.10598156,0.08007478,0.48586076,0.45173615,0.5677582,0.43439275,0.6260663000000001,0.5240734,0.44926924,0.12149279,3.0,0.5021398,0.47842824,0.5832706,cluster2_pred,,1
0.5573551,0.48845655,0.51594234,0.49737316,0.5173920999999999,0.52591616,0.07171088,0.66231793,0.59371513,0.77096826,0.7375984,0.6831491999999999,0.6749109000000001,0.5913607,0.6430288000000001,0.6420600999999999,0.7497921,0.46913809999999995,0.45544994,0.6169746,0.53776646,0.7345779,0.6520129,0.7748510000000001,0.58064777,0.90638006,0.5738032,3.0,0.49414584,0.5255112,0.5790382,cluster2_pred,,3
0.50198966,0.04358071,0.043086227000000005,0.04103231,0.041956324,0.044973083,0.19865668,0.5036347,0.53368497,0.6483856,0.5972068,0.59765655,0.5950534000000001,0.57876945,0.57030374,0.60411566,0.6118316999999999,0.04355769,0.03570782,0.49763373,0.45841518,0.58515084,0.4591327,0.7151917,0.69645125,0.32267934,0.042403113,3.0,0.50912726,0.4645958,0.56969386,cluster2_pred,,3
0.5442049,0.7928684,0.7932055,0.79859895,0.80049044,0.8446229999999999,0.012134211,0.5458244999999999,0.5610356,0.6513488000000001,0.61011183,0.51271576,0.5496177,0.4420902,0.46502129999999997,0.42079645,0.40951163,0.90174824,0.83212256,0.42996693,0.4729568,0.36302632,0.42451254,0.22921412,0.13836353,0.95151997,0.394276,3.0,0.54295754,0.5082839,0.5133214,cluster0_pred,3.0,2
0.59575415,0.19806682,0.21842323,0.19811869,0.22125170000000002,0.23716020000000004,0.049275297999999995,0.620429,0.59536874,0.75652796,0.6977789000000001,0.62693524,0.5959728,0.5909014,0.5542069000000001,0.53102344,0.50626713,0.22731644,0.23408420000000002,0.49661997,0.48282424,0.5259923000000001,0.55670726,0.6951639000000001,0.45969597,0.8243948,0.3606003,1.0,0.50207776,0.51922774,0.594074,cluster2_pred,,3
0.49237132,0.76070887,0.759694,0.7612412,0.7573267,0.7990647,0.011306773999999999,0.49237195,0.4878731,0.56616086,0.49800104,0.5559609999999999,0.53513235,0.5187447000000001,0.44837883,0.5579638000000001,0.53999466,0.8454798000000001,0.7850848000000001,0.38864064,0.35530755,0.5193867,0.3740914,0.16169508,0.36380753,0.94917065,0.41244513,3.0,0.5436056,0.5004193,0.48689994,cluster0_pred,3.0,2
0.53718585,0.5470324000000001,0.54594827,0.5428558000000001,0.5428076000000001,0.5624971,0.025475197999999998,0.41519022,0.45525157,0.5300784000000001,0.44248652,0.46055645,0.49310622,0.42996973,0.42894858,0.44657955,0.40778947,0.63215345,0.587895,0.49775195,0.5566625,0.35873565,0.35307357,0.16677801,0.26067734,0.93125534,0.3515487,3.0,0.50182045,0.54022783,0.5048242,cluster1_pred,2.0,3
0.5069246000000001,0.07574027,0.07510169,0.074103124,0.07304626,0.07829846,0.13094808,0.48224979999999995,0.48742214,0.627787,0.5877188,0.58850694,0.61620003,0.59393436,0.60350335,0.63530165,0.6277130999999999,0.06346382,0.06041319,0.5702646,0.5425222,0.5934375,0.6478668000000001,0.6106625,0.79026115,0.39565757,0.0658405,3.0,0.50636536,0.44980124,0.572333,cluster2_pred,,3
0.5151496,0.07153248,0.07270801,0.072572075,0.07304626,0.07829846,0.059461392,0.5151496,0.51686215,0.64117604,0.5810773,0.56746286,0.57850385,0.5464175,0.5491767,0.5817007,0.5866083000000001,0.07617984,0.080486886,0.53310347,0.518832,0.5445568000000001,0.48250338,0.190154,0.14993757,0.45507240000000004,0.045707345,3.0,0.5056385,0.59855545,0.55278367,cluster1_pred,2.0,2
0.44441497,0.22481635,0.25163555,0.22904602,0.2547564,0.27307397,0.05267057,0.6911636,0.6682677,0.79051554,0.71960115,0.7065366999999999,0.7063031999999999,0.7344632,0.722217,0.7561474,0.7398170000000001,0.21266088,0.17555742,0.5285671,0.42843223,0.7405489000000001,0.7103478,0.8231054,0.7119858,0.8259931999999999,0.343167,3.0,0.4862339,0.45512,0.60486895,cluster2_pred,,3
0.5250195,0.025547313,0.024834422000000002,0.023884479,0.023543837999999997,0.025236694,0.13189107,0.49869972,0.49863738,0.6298469,0.5649478,0.56837785,0.5757456,0.55854946,0.5632614,0.60314107,0.6090291,0.022086285,0.031080633,0.53583056,0.5144805,0.5621991999999999,0.45750016,0.20482671,0.43710756,0.22730972,0.018967405,3.0,0.5101683,0.5517571,0.549447,cluster1_pred,2.0,2
0.30607027,0.75659746,0.7534420000000001,0.7572326,0.7524135999999999,0.78864205,0.025440817999999997,0.45527992,0.56487155,0.67088056,0.6332425,0.6751884,0.7371978,0.74577457,0.7691994000000001,0.7894975000000001,0.8016409999999999,0.76747245,0.6766707,0.5684323,0.48424143,0.72283757,0.6358831,0.8185276999999999,0.9016473,0.93644184,0.42977852,2.0,0.5126496,0.50700486,0.5474746,cluster2_pred,,3
0.5102147,0.14306496,0.14571524,0.14606278,0.14579068,0.15627337,0.07436422,0.5250195,0.53368497,0.6545651,0.6057459,0.5949116999999999,0.60332817,0.5828134,0.6014911999999999,0.6469964,0.6379893,0.13310987,0.13465358,0.614506,0.6143965,0.5508446,0.8220299000000001,0.66036767,0.6324441999999999,0.5203613,0.09984353,3.0,0.49497858,0.48761708,0.5720557,cluster2_pred,,3
0.5167946,0.006612245,0.0062834093999999995,0.0064304359999999994,0.0063387244,0.0067944936,0.22240132,0.50527966,0.51546025,0.64529574,0.5848724000000001,0.5793574,0.5849398,0.5646154000000001,0.5682916,0.6109376,0.6211736999999999,0.00017644430000000001,0.0017388003,0.5244503,0.49147737,0.5835752,0.491745,0.45825753,0.45634168,0.028815498999999998,0.0019418267,3.0,0.49885863,0.538244,0.543585,cluster2_pred,,3
0.66231793,0.49584964,0.49273023,0.49128950000000005,0.48769316,0.49567598,0.059724587999999995,0.44500044,0.5596989,0.71173024,0.602875,0.58612067,0.52700686,0.5432058000000001,0.5164502000000001,0.6569497,0.70277643,0.4655061,0.51026845,0.59162974,0.518001,0.70956725,0.57933855,0.5611465,0.37963320000000006,0.90172875,0.56332994,1.0,0.509785,0.54973376,0.57397217,cluster2_pred,,3
0.5311614,0.5649464,0.5725573,0.5712461999999999,0.57621884,0.5971562,0.016450813,0.5673083999999999,0.54124933,0.68095535,0.67095315,0.67919993,0.6303191,0.6234299,0.5625099,0.5554382,0.58313274,0.62569,0.5744819,0.49590528,0.49235916,0.5019951,0.5408404,0.7946261,0.7377984999999999,0.93140906,0.33612326,3.0,0.5053288,0.50896496,0.5591847,cluster2_pred,,3
0.49880615,0.52417076,0.54276675,0.5272958000000001,0.52611417,0.55766654,0.038890436,0.4272071,0.2714009,0.48226216,0.43095833,0.39835837,0.42758549999999995,0.37454244,0.33637732,0.5568138000000001,0.43341488,0.5835696,0.59172744,0.42389947,0.36029962,0.60611963,0.40307227,0.24692705,0.3381387,0.9326832,0.64362305,3.0,0.49898806,0.54240066,0.494155,cluster1_pred,2.0,3
0.51002234,0.76967746,0.76957726,0.7778012,0.7729744000000001,0.7727031999999999,0.028359385,0.5027554,0.4883699000000001,0.6723602,0.6445108,0.6385925,0.66445416,0.66319335,0.69329154,0.69730586,0.7506931,0.7444261,0.74808204,0.83036625,0.8548585999999999,0.5974105,0.8890585999999999,0.8364476999999999,0.90317017,0.9864792,0.30530295,3.0,0.45769048,0.530264,0.52168596,cluster1_pred,2.0,2
0.45784548,0.56437767,0.56463116,0.56719047,0.56622404,0.5810711,0.024282578,0.45337040000000006,0.46727726,0.5348844,0.52816916,0.58450675,0.6165404999999999,0.58156633,0.59082115,0.69257605,0.6839764,0.5721259,0.5959699,0.6375516999999999,0.6085344,0.62859416,0.59377766,0.3822677,0.64757067,0.930866,0.33602875,3.0,0.48498797,0.5124953,0.5256525,cluster2_pred,,1
0.49507213,0.5939499,0.5946371,0.59876764,0.59677964,0.6157646999999999,0.029022722,0.5130689,0.5373111999999999,0.70332843,0.73719305,0.7471802,0.7516605,0.72730833,0.6872581999999999,0.71821207,0.7544181999999999,0.5899633000000001,0.53104436,0.6611045999999999,0.63568544,0.6315661,0.7442576,0.93858397,0.9373388,0.93334633,0.35016233,3.0,0.47707826,0.48824292,0.5726225,cluster2_pred,,2
0.5184396,0.11030428,0.11280214,0.10349941,0.112889685,0.12100672,0.19509558,0.5414694999999999,0.47620693,0.49801612,0.45773405,0.44394335,0.37347326,0.2997338,0.31577343,0.32149258,0.39136064,0.16468538,0.19848864,0.5360296999999999,0.6361188,0.28202555,0.3714874,0.050061665,0.011954911,0.80600077,0.36706948,3.0,0.48498482,0.71254826,0.50524753,cluster1_pred,2.0,3
0.44233459999999997,0.6801076,0.6835225,0.6839389,0.6873043000000001,0.69578356,0.02478557,0.5424225,0.45038074,0.5584544,0.5179057,0.54844064,0.60211897,0.5975537,0.56167287,0.63750875,0.61542135,0.7227847,0.65384245,0.63177854,0.6504679,0.5157281,0.5682268,0.34024543,0.5343151999999999,0.97235376,0.44964007,2.0,0.481958,0.50499636,0.5078552,cluster2_pred,,2
0.49875784,0.40815592,0.40692547,0.40603617,0.40658394,0.4331427,0.05583124,0.47749907,0.47365922,0.6196872,0.5782757,0.6193892,0.6324624,0.54951,0.5872761,0.60505,0.6275864999999999,0.47841009999999995,0.38900694,0.23811151,0.09661087,0.69695944,0.33432958,0.47870730000000006,0.5956156,0.9029583000000001,0.37894390000000006,3.0,0.54549986,0.50480473,0.58875835,cluster2_pred,,3
0.52995443,0.12503155,0.12357369,0.12095345,0.11922841,0.12780121,0.06254522,0.49047482,0.49583364,0.6432359000000001,0.6114387,0.6022313,0.60516703,0.57775843,0.57432795,0.5622095,0.5632534,0.11617122,0.13459793,0.53319496,0.5008389,0.5863381999999999,0.5364548000000001,0.7208201999999999,0.7295305000000001,0.7729406,0.20369947,3.0,0.4987394,0.44173622,0.5897422,cluster2_pred,,3
0.5184396,0.10098703,0.09993611,0.09951866,0.09809932,0.10515289,0.047935337,0.49047473,0.49443167,0.6432359000000001,0.5801284999999999,0.56197315,0.5803427,0.5555164,0.55219483,0.56513315,0.5753979,0.10358752,0.108869866,0.5353245,0.52173,0.5440578,0.48072159999999997,0.3950827,0.35581440000000003,0.5428576999999999,0.07391882,3.0,0.5041347,0.53112745,0.57553065,cluster2_pred,,2
0.7635432,0.10699815,0.11699108,0.108705,0.11892656,0.12747766,0.18759808,0.6302989,0.6416316,0.7225403,0.65603197,0.6525541,0.6456215,0.5979784,0.61456984,0.6430982,0.63892347,0.11901972400000001,0.1248856,0.54864156,0.55480975,0.50482327,0.6489,0.5764799,0.38934326,0.8163815,0.23606025,1.0,0.5087136,0.58272904,0.5687322,cluster1_pred,2.0,3
0.5159288,0.62864053,0.64247674,0.62773746,0.63019097,0.63788396,0.08497819,0.5865796999999999,0.5570025,0.6939208,0.6265705,0.5820059,0.6128136,0.6084092,0.7174033000000001,0.7316847,0.68730754,0.6478524,0.56684804,0.50318885,0.43307826,0.6591060000000001,0.56546783,0.55674165,0.59989655,0.95607024,0.4884022,3.0,0.51949495,0.5039279,0.54373616,cluster2_pred,,2
0.52435446,0.7452234999999999,0.7432513000000001,0.7444859,0.7418475999999999,0.73179495,0.023480277999999997,0.48560986,0.5205310000000001,0.6674937,0.54195493,0.49977654,0.51263875,0.5780814000000001,0.6302164000000001,0.73514104,0.7235766,0.75744784,0.7091814000000001,0.48961312,0.35064802,0.81151557,0.55135584,0.3307613,0.34036776,0.9832643,0.5123827,3.0,0.53993344,0.5168753,0.51515853,cluster0_pred,3.0,2
0.5217295,0.16169947,0.17384097,0.16504787,0.17506956,0.18765748,0.14642265,0.57765925,0.58275163,0.6895826999999999,0.61523384,0.6626187,0.6695264,0.6262864,0.62463033,0.70059735,0.6912387,0.16617581,0.14304854,0.52227783,0.46692017,0.63419676,0.63984793,0.8199164000000001,0.8140869000000001,0.7684445,0.20323409,3.0,0.49669015,0.44730583,0.58939683,cluster2_pred,,2
0.50198966,0.21610022,0.22111613,0.21373548,0.21340375,0.22874798,0.048257757000000005,0.50198966,0.56733066,0.66280454,0.60954106,0.586677,0.56747085,0.58382446,0.62664247,0.7239868,0.75569844,0.21817075,0.16903087,0.4463817,0.34882027,0.6952629,0.50880075,0.49036622,0.44181526,0.81954443,0.34849897,3.0,0.5040281,0.50320965,0.5995012,cluster2_pred,,3
0.5146801,0.8174481,0.8168506999999999,0.8282088,0.8183795,0.86075145,0.015080225,0.49940354,0.5858629,0.67766845,0.6598350000000001,0.66020876,0.71807265,0.68161523,0.6661765000000001,0.709589,0.71814203,0.8538584000000001,0.75662625,0.5992797,0.59212744,0.5598088000000001,0.64077795,0.8878530000000001,0.9555239999999999,0.94717896,0.37187445,3.0,0.5100391,0.5151561,0.5229485,cluster2_pred,,2
0.5283095,0.049591843,0.05236173400000001,0.05021865,0.051011644,0.0546795,0.13647665,0.5283095,0.52527356,0.65868485,0.59530914,0.5848471,0.58953685,0.6121324,0.60048515,0.6382253000000001,0.6277130999999999,0.058317527,0.038933888,0.46566337,0.41349524,0.5997311,0.43705186,0.6538863,0.69475085,0.37118779999999996,0.09339986,3.0,0.508536,0.4493582,0.57931846,cluster2_pred,,3
0.4697808,0.46883652,0.4717827,0.47796336,0.47569937,0.48805282,0.021797378,0.53094774,0.55246186,0.6787303000000001,0.6159382,0.59944284,0.5606728,0.54122233,0.55067486,0.59915215,0.5570863,0.5096931,0.48568663,0.42411703,0.36094698,0.6052318,0.45029363,0.56879586,0.3542848,0.91549516,0.26748252,3.0,0.5370571,0.52612406,0.5760409,cluster2_pred,,2
0.45951092,0.43881267,0.43894094,0.44063800000000003,0.44280523,0.47173953,0.048973965999999994,0.5298284000000001,0.5001384,0.6514268,0.64618605,0.6612291,0.68181837,0.68619543,0.68528765,0.6961189,0.68888015,0.43673850000000003,0.40700868,0.43356207,0.282572,0.8124333,0.543806,0.7909938,0.8847582,0.91188276,0.33097750000000004,3.0,0.5087268,0.4607624,0.59954584,cluster2_pred,,1
0.39817047,0.4776513,0.48310569999999997,0.48404703,0.48626536,0.49890983,0.03309982,0.53393143,0.6249326,0.73851055,0.67186946,0.669146,0.6473926,0.6026544,0.62001795,0.6247838000000001,0.60961556,0.49520690000000006,0.44313959999999997,0.5109736,0.45747373,0.6244972,0.6215851,0.8462341,0.65165526,0.9200511,0.24714784,2.0,0.5127764,0.5047357,0.5877767,cluster2_pred,,3
0.5810083,0.5262749,0.5230192,0.5069332000000001,0.50054365,0.50876075,0.07505674,0.37256196,0.44252905,0.6848878,0.5875267,0.6461473000000001,0.68234825,0.6186187,0.6113841999999999,0.5772483,0.6288948000000001,0.47747317,0.45980048,0.64261734,0.5774305000000001,0.7144949,0.5891951999999999,0.7198009,0.79811263,0.89932346,0.5694726999999999,1.0,0.47000486,0.4985386,0.5566097,cluster2_pred,,3
0.600689,0.22301301,0.23757267,0.22690254,0.23724943,0.25430822,0.056538202,0.59575415,0.6864925000000001,0.75549805,0.74047464,0.7376454000000001,0.6787206,0.6262863000000001,0.6497816,0.6391998999999999,0.5912793000000001,0.22864379,0.17990905,0.5190582,0.48597935,0.58123815,0.6185343000000001,0.8168502,0.65601414,0.8274799,0.3624705,1.0,0.49267507,0.47707304,0.5984657,cluster2_pred,,1
0.4871848,0.07393693,0.075700104,0.07563418,0.07666839,0.08218102,0.10994549,0.5217295,0.547704,0.6792834,0.6209266,0.5930818,0.5950534000000001,0.5555164,0.55621904,0.59534454,0.6193053000000001,0.06596211,0.0816397,0.5627738,0.54769164,0.56063294,0.67723536,0.802255,0.52394676,0.4032124,0.06268113,3.0,0.5039069,0.49232516,0.5759347,cluster2_pred,,3
0.5184395,0.4255882,0.423382,0.41185415,0.40718764,0.43646538,0.06570675,0.39177534,0.39489654,0.5392132,0.46627316,0.51714015,0.5362106,0.47463652,0.46969888,0.4969138,0.49599102,0.46511260000000004,0.45351645,0.49808016,0.5003920000000001,0.48951662,0.39235356,0.29717195,0.5247546999999999,0.90893877,0.34856674,3.0,0.49631566,0.5206926,0.51668376,cluster1_pred,2.0,2
0.48060483,0.076942496,0.07599932,0.07532797,0.07727207,0.08282812,0.056023076,0.51679456,0.51826406,0.6319066999999999,0.58677,0.59125185,0.58953685,0.56967044,0.5743279,0.5982683000000001,0.6071607,0.07541391,0.08606944,0.53410727,0.50792533,0.5725256999999999,0.5410108,0.42870706,0.5949678,0.4392394,0.061855864,3.0,0.50430334,0.48813,0.56913084,cluster2_pred,,3
0.41065457,0.9456893,0.9408373999999999,0.88875574,0.8783485000000001,0.88300365,0.06609129,0.08768441,0.16813603,0.36874005,0.33294907,0.41211468,0.41657380000000005,0.31166550000000004,0.34004277,0.33506495,0.38795185,0.9431896000000001,0.9943453000000001,0.7639186,0.84711283,0.43012035,0.44731920000000003,0.26347709999999996,0.40572712,0.9790129000000001,0.73448783,2.0,0.4802264,0.5793995,0.54788166,cluster1_pred,2.0,3
0.50363463,0.14817439999999998,0.15588838,0.15065594,0.15665707,0.16792108,0.13121416,0.5661443,0.5449002,0.6731038,0.64464647,0.60040146,0.62355536,0.6040444,0.61456984,0.6430982,0.6323840999999999,0.1609159,0.13298924,0.5223475999999999,0.49506453,0.5694371,0.59507406,0.82959133,0.7585287,0.67322904,0.13956848,3.0,0.49685478,0.44784045,0.58726203,cluster2_pred,,3
0.46250987,0.20407794,0.20675404,0.20209944,0.19891524,0.2132177,0.03245555,0.47731483,0.431346,0.5999789000000001,0.5535623000000001,0.5491636999999999,0.5040308,0.45239457,0.4163782999999999,0.48424449999999997,0.5090698,0.25734273,0.25492096,0.32201755,0.24928266,0.5784256999999999,0.31969193,0.19361247,0.24816453,0.8180743,0.35895094,3.0,0.5043393,0.5541716,0.56580675,cluster2_pred,,3
0.49047476,0.07093137,0.071211964,0.070122376,0.069122285,0.07409234,0.08882156,0.50856966,0.52106786,0.63911617,0.55925494,0.55922824,0.5398881999999999,0.49788950000000004,0.4998803,0.5222524000000001,0.5100039000000001,0.10275343,0.07957482,0.45654675,0.45737132,0.47306484,0.18590005,0.29141426,0.18319294,0.45587330000000004,0.08492017,3.0,0.5079178,0.57799387,0.55178344,cluster1_pred,2.0,3
0.45925897,0.5168914000000001,0.5312284,0.5243151,0.5279581,0.536675,0.048763927,0.56622624,0.40347272,0.554379,0.53807133,0.55816424,0.61294055,0.60317266,0.6828116,0.69899046,0.7766588000000001,0.52536166,0.46663454,0.6868249,0.67724454,0.6073255,0.6017948000000001,0.4562036,0.6864786,0.9143866,0.5516558000000001,3.0,0.4611721,0.5032296,0.52480924,cluster2_pred,,3
0.52962685,0.7616105,0.7713631999999999,0.7731834,0.7778520999999999,0.8207288,0.01087052,0.5377258,0.6369590999999999,0.72233945,0.6493504,0.6334417,0.62657064,0.5515962,0.5395167,0.6366533000000001,0.6191045999999999,0.83333457,0.78017306,0.41204143,0.3520939,0.5920133000000001,0.49796143,0.67746633,0.39158854,0.9503264000000001,0.38221940000000004,3.0,0.5676891,0.501182,0.53621477,cluster0_pred,3.0,1
0.42303008,0.2266197,0.23128925,0.22782117,0.22517568,0.24136634,0.07462251,0.47731490000000004,0.43134606,0.6123381999999999,0.56969184,0.6717683000000001,0.58585924,0.54641753,0.50088644,0.50568485,0.5006619999999999,0.28549359999999996,0.1921961,0.31468126,0.22842592,0.6061171999999999,0.37748402,0.63325065,0.6932505,0.82704943,0.41265067,2.0,0.49164084,0.4582942,0.5904226,cluster2_pred,,2
0.50198966,0.15418555,0.15858126,0.15463668,0.15394047,0.16500914,0.16365555,0.4937647,0.4804126,0.5999789000000001,0.5440743,0.542759,0.5233386,0.48070252,0.4978682,0.5280998,0.54550356,0.18689466,0.17472814,0.46822116,0.45435706,0.51255393,0.25414050000000005,0.24078877,0.17322208,0.68563884,0.13677454,3.0,0.51473796,0.60120696,0.54178536,cluster1_pred,2.0,2
0.5151496,0.15208165,0.15259705,0.14698139999999998,0.14699805,0.15756756,0.12961504,0.4641549,0.46919740000000004,0.6555949999999999,0.58392364,0.5939966999999999,0.5867786,0.5716924,0.57231575,0.59047174,0.5725953,0.17651652,0.13774098,0.46574765,0.43753934,0.54447466,0.41338873,0.5695248,0.5773874,0.7591834,0.20812152,3.0,0.501771,0.48680985,0.58570945,cluster2_pred,,1
0.49869972,0.031558447,0.039196499999999995,0.032152183,0.04014526,0.043031797000000004,0.2670841,0.55956435,0.55751735,0.68649286,0.6342097,0.62236047,0.61620003,0.60202235,0.6155759,0.6372508000000001,0.6454629,0.026318276,0.023310475,0.5402111999999999,0.50945634,0.58600175,0.7150453,0.97968733,0.8340523000000001,0.30756143,0.040423293,3.0,0.5114615,0.44920352,0.5674689,cluster2_pred,,3
0.5135046,0.09166977,0.092455864,0.09216959,0.092062436,0.09868194,0.06151005,0.50363463,0.5112545000000001,0.6246972,0.56210136,0.5555684000000001,0.56195426,0.5383295,0.5300618,0.5719550999999999,0.56979275,0.11639177,0.09802353400000001,0.46501082,0.44028318,0.53608894,0.21571198,0.16513158,0.17872633,0.56557405,0.068772115,3.0,0.516317,0.5794958,0.55208457,cluster1_pred,2.0,3
0.52337456,0.18394065,0.18371488,0.17729633,0.17476770000000003,0.18733391,0.11788849,0.45921990000000007,0.45377642,0.64117604,0.5810772,0.58850694,0.60516703,0.51912045,0.577346,0.5719550999999999,0.5800689,0.20005044,0.16370694,0.54046226,0.54743946,0.49904028,0.49799570000000004,0.58665276,0.6389766,0.81756985,0.22996587,3.0,0.49790844,0.48531693,0.57438827,cluster2_pred,,3
0.39750218,0.8913787000000001,0.8881855,0.8890454,0.8917702,0.89651334,0.02160814,0.5231840999999999,0.55422616,0.6734306,0.6751696999999999,0.6982376,0.5725853,0.58740395,0.64571255,0.5731603,0.49916422,0.9159081,0.9208993000000001,0.56924963,0.54168177,0.5925486999999999,0.57001024,0.81721896,0.7324864999999999,0.98227835,0.80514,2.0,0.5125921,0.48105586,0.5084179,cluster0_pred,3.0,3
0.50552464,0.7540383,0.7551404,0.75665325,0.7512713000000001,0.78744423,0.024754658,0.4735503,0.57525223,0.78146017,0.6701263000000001,0.7031352,0.69209576,0.72331667,0.6842764,0.72253627,0.7046668,0.7860560000000001,0.6947873,0.5140383,0.45763326,0.63266927,0.60240823,0.91084003,0.84455734,0.9355646000000001,0.35814998,3.0,0.5256065,0.51278716,0.5596841,cluster2_pred,,2
0.49875814,0.60862714,0.61427796,0.6124225000000001,0.6124416,0.6525014,0.021215802000000002,0.5625343,0.4945638,0.6770232,0.74333584,0.73035634,0.7412284,0.6198629,0.636282,0.7135576,0.7204557,0.5884579000000001,0.54811096,0.6367752,0.5698423,0.7157277,0.6562501000000001,0.75732493,0.7867493,0.94498616,0.56878614,3.0,0.47963384,0.50059396,0.5638021,cluster2_pred,,1
0.5003447,0.07213359,0.07210959,0.07195965,0.07304626,0.07829846,0.09768964,0.5102146,0.52106786,0.6391161999999999,0.5858211999999999,0.5848471,0.5840204000000001,0.55753845,0.56024325,0.5836498,0.60062134,0.07627742,0.079713844,0.5316733,0.51618606,0.5466781,0.49062040000000007,0.40811896,0.43489328,0.46305978,0.03665022,3.0,0.50815684,0.5301925,0.5660383,cluster2_pred,,2
0.65168375,0.061914664,0.094550334,0.06277331,0.08572371,0.09188745,0.21421766,0.61384904,0.62761253,0.71533084,0.66551995,0.6461494000000001,0.6952701,0.66167134,0.70612025,0.7366560999999999,0.74822485,0.057905822999999995,0.028390962999999998,0.5072244,0.41975966,0.7010896,0.6662626,0.6940139,0.7140133000000001,0.8150871000000001,0.25638372,1.0,0.50498885,0.48905876,0.59573805,cluster2_pred,,2
0.61201,0.8424707,0.84006286,0.8392173,0.8372269,0.83895886,0.016233264,0.50274193,0.6186743,0.66968876,0.59674484,0.5349976,0.501777,0.4064472,0.44142267,0.5085028,0.5276251000000001,0.95223165,0.8486546999999999,0.31720403,0.30688322,0.43207592,0.37767646,0.43529636,0.25844282,0.99053276,0.5979628,1.0,0.5809363,0.49480912,0.49967155,cluster0_pred,3.0,3
0.46549928,0.53736454,0.53547454,0.5353237,0.52824366,0.5395375,0.026091155,0.46549866,0.48268756,0.6051104,0.53527975,0.5084922000000001,0.49436885,0.4290308,0.49169937,0.5278765999999999,0.52103764,0.57376486,0.5638419,0.5557838,0.5819034000000001,0.46219683,0.4630995,0.11121189599999999,0.14566173,0.9220200000000001,0.33438268,3.0,0.49637884,0.57406616,0.50873595,cluster1_pred,2.0,3
0.47895983,0.04688683,0.04847201,0.044400632,0.04406923,0.047237914000000006,0.15026921,0.49211976,0.48461834,0.61130816,0.53268874,0.53086454,0.5334523,0.4958675,0.49485007,0.5300489,0.52495116,0.07724386,0.060800582,0.433566,0.41149090000000005,0.5149127,0.13940439,0.02113996,0.015936166,0.36896503,0.086872645,3.0,0.52001315,0.6367435,0.5182757,cluster1_pred,2.0,3
0.44180718,0.7710991999999999,0.76731265,0.77722186,0.76811975,0.802295,0.005687478,0.47367045,0.5013443000000001,0.64893574,0.61907756,0.60481817,0.6561066,0.6649381,0.6320879,0.64231604,0.67171603,0.78808194,0.7338471999999999,0.6020543,0.5652471,0.6295775,0.6374578000000001,0.8638793,0.91056454,0.93842345,0.31236476,2.0,0.5018984,0.5318473,0.52575535,cluster1_pred,2.0,3
0.5069246000000001,0.026148425,0.025133632000000003,0.024803112999999998,0.025656745,0.027501522999999996,0.13600169,0.5069246000000001,0.51405835,0.6319066999999999,0.5696916999999999,0.56014323,0.5674708,0.52316445,0.4998803,0.5622095,0.57072693,0.030614428,0.043789163,0.53029233,0.5258480999999999,0.5205309,0.42510533,0.11737942,0.054272965,0.24253194,0.04811997,3.0,0.50474435,0.6394764,0.5291931,cluster1_pred,2.0,3
0.52666456,0.08535808,0.09095982,0.08635157,0.09176059,0.09835839,0.098320626,0.5480494,0.55190974,0.6782535,0.63041455,0.6241904,0.6345884,0.62830836,0.6326786999999999,0.65869117,0.6650811,0.07610900000000001,0.07203183,0.563226,0.53118205,0.5999953,0.85779697,0.92490697,0.93282646,0.48306334,0.04769925,3.0,0.51059693,0.40813324,0.5830224,cluster2_pred,,1
0.5839654000000001,0.50295836,0.5068838999999999,0.49621433,0.49283338,0.5009099,0.0760217,0.45534924,0.6239533,0.76634026,0.77938014,0.6593036,0.7005265,0.6958484,0.7497174,0.79708415,0.8379466999999998,0.4568574000000001,0.41598895,0.5100407,0.33404920000000005,0.9067485999999999,0.6167369,0.86127216,0.7468842,0.89538133,0.63680255,1.0,0.50048864,0.47723535,0.62736803,cluster2_pred,,3
0.5661443,0.17041561,0.17234491,0.17147832,0.17174926,0.18409845,0.07495389,0.49211976,0.4804126,0.6236673,0.5715893,0.5738675999999999,0.5831009,0.5383295,0.58137023,0.61386126,0.61089754,0.15438746,0.16007419,0.64677924,0.64813405,0.56291604,0.67305857,0.41239506,0.5885457,0.83224756,0.1734995,3.0,0.49495545,0.5190323,0.5651356,cluster2_pred,,2
0.40007532,0.7042773,0.72117144,0.7131985,0.71014965,0.71607095,0.037441265,0.50710315,0.49062297,0.552359,0.5790559000000001,0.57221687,0.4504491,0.43521208,0.42091018,0.28817725,0.39390606,0.816446,0.78031844,0.38098484,0.40120712,0.3921212,0.42241302,0.22603743,0.26282233,0.9629308000000001,0.7614715,2.0,0.5168044,0.5170791,0.49675456,cluster1_pred,2.0,2
0.48545829999999995,0.61357003,0.6099232,0.5892076,0.59078276,0.5864509,0.059468325,0.4074583,0.45161983,0.6052526,0.59748554,0.562709,0.6114699,0.59595835,0.5511391999999999,0.5871441,0.59556305,0.6371916999999999,0.57153016,0.45616412,0.3853459,0.63822573,0.45309573,0.7369158,0.83783984,0.9565411,0.45375153,3.0,0.51443243,0.5357741,0.5527724,cluster2_pred,,2
0.63956666,0.61072654,0.6203969,0.6126731,0.62533635,0.63296247,0.057907924000000006,0.5394791,0.70878106,0.81003517,0.6741118,0.71872437,0.672868,0.5885079000000001,0.56509346,0.537291,0.52446145,0.67469513,0.6239608,0.3771866,0.32441613,0.55876243,0.5133906,0.7040525,0.45912686,0.95146865,0.5188248,1.0,0.551841,0.5330477,0.5864092,cluster2_pred,,3
0.5710793000000001,0.09407423,0.095447965,0.09216959,0.09387351,0.10062323,0.092593856,0.5003447,0.490226,0.6246972,0.5611526,0.56014323,0.548163,0.5090104999999999,0.49585609999999997,0.53687084,0.56605595,0.15928914,0.13456647,0.41233888,0.42874843,0.41593146,0.3028384,0.22397068,0.18035924,0.77126324,0.28267473,3.0,0.51349276,0.5929185,0.55536264,cluster1_pred,2.0,1
0.49211976,0.07153248,0.07510169,0.072572075,0.0760647,0.08153393,0.078135364,0.5365344,0.5392925999999999,0.6545651,0.591514,0.5894219,0.5959728,0.5555164,0.56627953,0.5953446,0.5922135000000001,0.07661961,0.079731144,0.52826715,0.5092694000000001,0.5531491999999999,0.54889596,0.5816246,0.5016617,0.45852539999999997,0.06048879,3.0,0.5050363,0.4999231,0.57247734,cluster2_pred,,3
0.39670774,0.7105329,0.7075839,0.70247966,0.70243937,0.71112686,0.029053347,0.45116654,0.48299402,0.655216,0.64949197,0.6589608,0.6243307,0.6482118,0.6228845999999999,0.6514604,0.69900984,0.7203301,0.6481104999999999,0.6591973000000001,0.6563224,0.578623,0.6400901999999999,0.7353255,0.8238361999999999,0.9709599,0.4419275,2.0,0.48362225,0.52040386,0.5347614,cluster2_pred,,1
0.5551908,0.86976826,0.8771456,0.8841206,0.8769207,0.87878954,0.015008575,0.5595604999999999,0.5714922,0.6952291,0.58330053,0.42479143,0.39103305,0.38764390000000004,0.40310887,0.44376805,0.5061129,0.9744636000000001,0.91199577,0.4104417,0.43190920000000005,0.40334997,0.41475284,0.40065914,0.28154814,0.99138737,0.6335718000000001,3.0,0.5583857,0.49606818,0.52484936,cluster0_pred,3.0,1
0.52337456,0.025246756000000002,0.024535212999999997,0.023884479,0.024751212,0.026530882000000002,0.15569118,0.4986997,0.49443167,0.63396657,0.5848724000000001,0.5711227,0.5757456,0.53630745,0.5411283,0.5778025,0.5856741,0.026806172000000003,0.034060895,0.52335006,0.5018489,0.5565729,0.42716679999999996,0.5120002,0.53793555,0.25712374,0.03181435,3.0,0.50757277,0.50490904,0.55958706,cluster2_pred,,2
0.55298436,0.03907236,0.03889729,0.030927336,0.03108994,0.033325377999999996,0.13705331,0.47731483,0.5014412,0.6061585,0.5431255,0.44668823,0.4304773,0.38061365,0.42442667,0.44038916,0.43807060000000003,0.08719157400000001,0.09356587400000001,0.36989215,0.36154878,0.45273703,0.23775546,0.09897334,0.12783463,0.81366104,0.26581275,3.0,0.50225705,0.62638307,0.5520434,cluster1_pred,2.0,1
0.5627897,0.5808699,0.58501256,0.5770401999999999,0.57364875,0.5944901,0.027727539,0.46037343,0.46551993,0.5847711,0.47810286,0.4706085,0.5006818000000001,0.48180586,0.46947715,0.46442506,0.5070077000000001,0.6240005,0.60494083,0.5971519000000001,0.6550541999999999,0.40865076,0.46365678,0.11104286,0.16373266,0.932227,0.33747873,3.0,0.48531762,0.568802,0.51006615,cluster1_pred,2.0,2
0.44806364,0.40454924,0.41410652,0.41001686,0.4144319,0.44150534,0.08453616,0.5821579000000001,0.52383035,0.55313647,0.4320794,0.47203934,0.40944624,0.3273962,0.32624504,0.31634209999999996,0.26353887,0.5992691,0.47792250000000003,0.12557642,0.18157879,0.18726599,0.22837034,0.091576196,0.072446756,0.9092855,0.5026206,3.0,0.55325675,0.5837591,0.4979037,cluster1_pred,2.0,1
0.46153215,0.7907193,0.7944878000000001,0.7986595000000001,0.79610527,0.83154225,0.019045799999999998,0.5237429,0.66944987,0.66983587,0.6225782,0.5997543000000001,0.6552585,0.6472195,0.7480857,0.7798539000000001,0.7785681,0.7845548999999999,0.7528885000000001,0.6843574,0.6517126999999999,0.6593743000000001,0.7464066,0.5547745,0.5390553000000001,0.9464062,0.39312267,3.0,0.5089158,0.48684782,0.51533544,cluster2_pred,,1
0.52995455,0.18574399,0.18640777,0.1852578,0.18653962,0.19995226,0.11196179,0.53817946,0.5070488000000001,0.5804103,0.53743273,0.541844,0.5251775,0.42711955,0.47674120000000003,0.50081205,0.5996871,0.18971242,0.22087325,0.631045,0.6732235,0.46116632,0.561327,0.08425303,0.10387251,0.83554405,0.23290978,3.0,0.5022754,0.67707646,0.51674145,cluster1_pred,2.0,1
0.5171800999999999,0.7483513,0.75146043,0.7560739000000001,0.74670225,0.7365929,0.022566166000000002,0.51717883,0.5376513,0.64413387,0.6023742,0.6163054,0.55514646,0.48459673,0.50208515,0.6305738000000001,0.68038493,0.7564728000000001,0.7197235,0.5091671,0.39776623,0.7572618,0.56874555,0.6127544,0.50262135,0.9818261,0.4734847,3.0,0.5397478,0.5260873,0.5312878,cluster0_pred,3.0,1
0.37016422,0.8819952,0.87969327,0.88006485,0.8780629000000001,0.8799358,0.013253448000000001,0.54207855,0.5491441,0.67424995,0.62111413,0.6735663000000001,0.64264905,0.6876025,0.68912446,0.79247254,0.74853617,0.9248363000000002,0.8109271,0.45140794,0.35252932,0.7007091999999999,0.55228055,0.7227967,0.7390976,0.9922546,0.5581712,2.0,0.5465694,0.49563286,0.52627856,cluster0_pred,3.0,2
0.5102146,0.08475697,0.084975615,0.07624660400000001,0.079686835,0.08541649999999999,0.22043008,0.50856966,0.59677064,0.6875228,0.63041455,0.6122959,0.62079716,0.6060664000000001,0.6004851999999999,0.632378,0.6417261,0.08761263,0.059650905,0.47518954,0.4321821,0.5831499,0.5179313,0.5069082,0.3950639,0.4567861,0.107115775,3.0,0.50283426,0.5533826,0.56920254,cluster2_pred,,3
0.39342037,0.21489799,0.2232106,0.21281683,0.21944062,0.23521893,0.04518289,0.51350456,0.51125455,0.60615855,0.5611526,0.5290345999999999,0.5362104999999999,0.52013147,0.5491767,0.5583111999999999,0.50813556,0.23818113,0.25897086,0.5402638000000001,0.54975736,0.49313757,0.48794627,0.21632245,0.25855866,0.8373111999999999,0.32638353,2.0,0.4936792,0.5812031,0.5451099,cluster1_pred,2.0,1
0.30314636,0.9616128,0.9572558000000001,0.94495726,0.9351763000000001,0.9372463,0.027234658999999998,0.40950149999999996,0.37407807,0.61222243,0.5463271,0.54148066,0.57099193,0.54344386,0.47706270000000006,0.60215265,0.6355416,0.99952704,0.9197699,0.6218878000000001,0.65735805,0.47226423,0.52632356,0.5529006,0.61059827,0.9871719999999999,0.60057706,2.0,0.5028813,0.5115031,0.5159469,cluster2_pred,,3
0.42844018,0.6077255,0.6253486999999999,0.6148722,0.6172711,0.65764767,0.042108603,0.5886991,0.7718984,0.8275304,0.7631432,0.65031445,0.6635386,0.6952408,0.70429,0.7087135,0.78546435,0.5856829000000001,0.5415023,0.60793513,0.53487694,0.71605676,0.6857175999999999,0.7050611,0.50897944,0.94518054,0.59124,2.0,0.51495904,0.53096336,0.5789907,cluster2_pred,,3
0.5188323,0.650251,0.6532336,0.63816655,0.63019097,0.63532734,0.01684922,0.38248107,0.3831675,0.5642919,0.5579152,0.5681393,0.6331872,0.5307251999999999,0.5545135,0.60608524,0.5421138000000001,0.71059257,0.66388685,0.37539759999999994,0.30579102,0.5967619000000001,0.41193148,0.57704705,0.81208724,0.9514693000000001,0.5023697,3.0,0.519588,0.53670627,0.52186275,cluster1_pred,2.0,3
0.5582713,0.59508735,0.59605247,0.59702945,0.6019199000000001,0.62381727,0.031123385,0.5311617,0.51044446,0.5951443000000001,0.5710535,0.50914395,0.5074167,0.5142041,0.56527346,0.5991605,0.6549808000000001,0.60196704,0.6252818,0.68625087,0.7024130999999999,0.54763937,0.63693637,0.18517976,0.24784958,0.9365063,0.35420138,3.0,0.48189232,0.57189494,0.51130366,cluster1_pred,2.0,3
0.5231840999999999,0.8896726999999999,0.890167,0.88846606,0.88891447,0.89363885,0.01659989,0.537798,0.5455073,0.7310747,0.69877064,0.561679,0.60117334,0.6314134,0.53041637,0.47792202,0.5506203000000001,0.91311836,0.9251784,0.56154054,0.5373015,0.5811755999999999,0.5635455,0.73403126,0.5804377,0.98115,0.83467895,3.0,0.5116813,0.4949426,0.5347638,cluster2_pred,,1
0.54896146,0.5310835,0.5296016,0.5230087999999999,0.5170589,0.54806477,0.036804218,0.39791635,0.4170137,0.61878425,0.5576644000000001,0.50877994,0.39575282,0.37154236,0.37120949999999997,0.37460786,0.41955322,0.5811408,0.58237654,0.38933173,0.35659668,0.51833737,0.39342105,0.30248988,0.24844739,0.9307882,0.6005541999999999,3.0,0.51977044,0.5415769,0.53485733,cluster1_pred,2.0,1
0.50198966,0.09377367,0.09275508,0.09033232,0.08874215,0.095122926,0.11786450400000001,0.48718476,0.4635898,0.59173954,0.5421767,0.5281196,0.5316134,0.5120435,0.5200013,0.5505147,0.5511087,0.10776338,0.10847102,0.5246445,0.5262034999999999,0.50397193,0.31527108,0.011943986,0.103995726,0.46298456,0.060038975999999994,3.0,0.5047937,0.62864095,0.52464247,cluster1_pred,2.0,2
0.5464045,0.22752137,0.23547821,0.22567771,0.22427014,0.24039568,0.034269035,0.46744490000000005,0.39209265,0.50419563,0.47576115,0.4906063,0.5444853000000001,0.56967044,0.64374524,0.6625894,0.71833044,0.23297470000000003,0.20505212,0.58995575,0.5611191,0.60539025,0.51844937,0.22141153,0.53422314,0.83188856,0.39180818,3.0,0.47340623,0.5022683,0.54660636,cluster2_pred,,2
0.51350456,0.10339148,0.10801478,0.10472425,0.107154645,0.11485931,0.07622134,0.5315995,0.50704885,0.63602644,0.6209266,0.62236047,0.59781164,0.5807914000000001,0.5924368,0.6314034000000001,0.6604101,0.10188457,0.092650555,0.54227346,0.5089241,0.5929769,0.60934263,0.78290725,0.8148526,0.5644596,0.08894448,3.0,0.5052856,0.42403415,0.5832295,cluster2_pred,,3
0.50565547,0.9363058000000001,0.9425359000000001,0.9420603000000001,0.94916904,0.9512873,0.02553067,0.5566476,0.5553526999999999,0.59762734,0.63077784,0.6496052,0.5569015,0.5619026,0.5809389,0.616027,0.6191221,0.99891114,0.9053163000000001,0.6464495,0.69717276,0.44882107,0.59082997,0.3306455,0.43541136,0.98907346,0.62756914,3.0,0.5104153,0.478075,0.51871973,cluster2_pred,,3
0.5250195,0.11060483,0.11968397,0.11084848,0.12103947,0.12974249,0.109088585,0.5875292,0.56172305,0.6638345,0.6123875,0.6187005999999999,0.6152806,0.5818024,0.617588,0.6859789000000001,0.6856335,0.12241895,0.09398024,0.48411283,0.43122330000000003,0.61022884,0.55489373,0.45787284,0.40378138,0.77651167,0.23800807,3.0,0.50785756,0.5401146,0.57920647,cluster2_pred,,3
0.4480795,0.7551757,0.7593866,0.7618678000000001,0.76269394,0.79389733,0.021205401000000002,0.52974135,0.6173881,0.70288604,0.61896646,0.61567384,0.6651626,0.643209,0.68273264,0.699508,0.70756763,0.76392776,0.7238981,0.71301645,0.73586404,0.5450245,0.80919915,0.6995130999999999,0.6222926999999999,0.9479733,0.29836735,3.0,0.48868874,0.50275743,0.52891624,cluster2_pred,,3
0.5145373,0.47395477,0.47716114,0.47912213,0.48026848,0.49274775,0.024450436000000002,0.53393173,0.46346277,0.62642294,0.56947184,0.5762085,0.6498939,0.6530841,0.6163684,0.6000359000000001,0.62147707,0.54412097,0.4509403,0.38778472,0.32198990000000005,0.5938952,0.43070546,0.6214703,0.7873854,0.9170681,0.33148790000000006,3.0,0.5105898,0.4902935,0.5726579,cluster2_pred,,1
0.4783238,0.7500574000000001,0.74947894,0.7517284000000001,0.74213314,0.7724816,0.024987807,0.46017733,0.42406964,0.58832026,0.59105515,0.57361734,0.5552826999999999,0.53074855,0.58747035,0.6143955,0.6534621,0.76840705,0.7313735,0.69225717,0.728435,0.504321,0.63844043,0.46091809999999994,0.64274853,0.94442225,0.3032612,3.0,0.48159176,0.5326693,0.5125346,cluster1_pred,2.0,2
0.47566986,0.0748386,0.07510169,0.07349071,0.07636654400000001,0.08185748,0.078537814,0.5365344,0.52527356,0.6514753000000001,0.59530914,0.5756975000000001,0.57850385,0.5423734,0.5542069000000001,0.56026036,0.56045073,0.09196760000000001,0.08759124,0.46493992,0.43745533,0.54241776,0.37985432,0.44323778,0.3260491,0.43661445,0.09530414,3.0,0.5039469,0.5331419,0.56790787,cluster2_pred,,3
0.58774245,0.6866475999999999,0.6922979,0.69697535,0.6887321999999999,0.7218611999999999,0.019715782,0.51466,0.51945716,0.64704907,0.56474495,0.5828810000000001,0.55678874,0.5127727,0.52523303,0.5486568000000001,0.52667713,0.7586113,0.71440315,0.44911763,0.43581309999999995,0.50211656,0.40312990000000004,0.42478415,0.31970724,0.9331459000000001,0.31833673,1.0,0.5428556,0.5012519,0.5143985,cluster0_pred,3.0,3
0.3277634,0.7071206999999999,0.7056024000000001,0.7062457,0.69844145,0.6888941999999999,0.04350259,0.45547444,0.47161302,0.5902276999999999,0.52457386,0.5325003,0.5318874,0.51193595,0.45469445,0.501352,0.46361306,0.7745303000000001,0.741275,0.44701955,0.4344249,0.49947375,0.37724692,0.31124452,0.34957317,0.9759161,0.39270642,2.0,0.53281444,0.5073973,0.5057131,cluster0_pred,3.0,3
0.5579194000000001,0.16921338,0.17294332,0.16902862,0.16782529999999998,0.17989233,0.10846974,0.53488946,0.5294791999999999,0.6545651,0.591514,0.58759195,0.7329663000000001,0.79815614,0.81779164,0.8311886999999999,0.8266976,0.11813617,0.104030035,0.6947408,0.6444983,0.70495933,0.8185824,0.67791516,0.7728263000000001,0.84608644,0.29563049999999996,3.0,0.4849715,0.4487797,0.5896701,cluster2_pred,,3
0.4865784000000001,0.6946094,0.71437764,0.7079839,0.71643215,0.7224151,0.028186329,0.5862746999999999,0.5468493000000001,0.67811793,0.6145725000000001,0.73612857,0.774134,0.8533118000000001,0.8315831,0.77372605,0.7402795999999999,0.7562035,0.63420844,0.40569782,0.27537766,0.7513890000000001,0.55323166,0.7047434,0.8125496999999999,0.9578690999999999,0.6284879,3.0,0.52151626,0.4829022,0.562441,cluster2_pred,,3
0.39523497,0.5743299,0.59605247,0.5802269,0.59563744,0.6028545999999999,0.0571452,0.60276985,0.5218795,0.57688487,0.49736094,0.43879727,0.41799179999999997,0.33914936,0.3782213,0.39622363,0.43419853,0.6823776999999999,0.65500605,0.36247229999999997,0.36078435,0.43382466,0.38113546,0.113699205,0.06307433,0.9440533000000001,0.48834017,2.0,0.5373057,0.5599543,0.48622385,cluster1_pred,2.0,1
0.48224983,0.11631541,0.11519582,0.108705,0.10866386,0.11647704,0.04556194,0.44277003,0.47340313,0.61851764,0.5753845000000001,0.54550385,0.51874155,0.42206457,0.42945690000000003,0.49009183,0.5034645000000001,0.16392479999999998,0.13970745,0.3513998,0.30701977,0.52705264,0.25130635,0.37825888,0.32284647,0.8094444000000001,0.25388724,3.0,0.50880945,0.5318005,0.58659667,cluster2_pred,,1
0.47045067,0.69261897,0.6934300999999999,0.68509775,0.67788064,0.6834851,0.03041469,0.45138964,0.37567009999999995,0.5385890999999999,0.4725055,0.40830502,0.4848656,0.44782619999999995,0.3177933,0.38024884,0.37808576,0.81412417,0.75995374,0.33264977,0.36001027,0.35250613,0.3620222,0.116935,0.16833347,0.9579711,0.7385257,3.0,0.5171151,0.5142482,0.49127805,cluster0_pred,3.0,1
0.49826620000000005,0.6272188,0.6243599,0.6210744,0.6164838,0.6239880999999999,0.04182923,0.43939155,0.5005555,0.6487654,0.6885439999999999,0.667148,0.6243309,0.5713206999999999,0.5904786,0.4936282,0.5803142,0.65261745,0.6414331,0.46618640000000006,0.39021158,0.6549249,0.5174144,0.8930019,0.8730405000000001,0.95618194,0.49910796,3.0,0.5116212,0.53935045,0.559521,cluster2_pred,,3
0.52995455,0.2239147,0.23069085,0.22659633,0.23121256,0.24783729,0.02349241,0.5464045,0.5140584,0.5752607,0.4795563,0.49609609999999993,0.51414454,0.5393405,0.59847313,0.6966991,0.6893703,0.23313777,0.21016529999999997,0.5845378000000001,0.5644278,0.5826562,0.5477207,0.08639154,0.27836815,0.83317906,0.37739652,3.0,0.47715813,0.58845216,0.5305514,cluster1_pred,2.0,2
0.40164527,0.14637107,0.15319547,0.1466752,0.14971465,0.16047949,0.089141674,0.51021457,0.55190974,0.670014,0.596258,0.58393216,0.6189583000000001,0.6040444,0.577346,0.5514893,0.57352954,0.18987682,0.13418466,0.38198042,0.3316663,0.55538857,0.3705367,0.6519463000000001,0.57968545,0.8141094,0.24755484,2.0,0.50261456,0.47529295,0.60574305,cluster2_pred,,1
0.5135046,0.040575143,0.040094126,0.040726099999999994,0.040447105,0.043355345999999996,0.08638894,0.5069246000000001,0.52947927,0.6525053000000001,0.5905651999999999,0.586677,0.58861744,0.55349445,0.56024325,0.6002174,0.6052923000000001,0.038987514,0.043909866,0.5204148000000001,0.49243805,0.5701126,0.49099457,0.6771178000000001,0.41568809999999995,0.29174525,0.023139122999999998,3.0,0.5078148,0.49735385,0.5723729,cluster2_pred,,1
0.46657893,0.5635246,0.563782,0.5703772,0.56879413,0.5868579,0.023022644,0.5040707,0.5679845,0.6601371,0.6143656999999999,0.61455256,0.7131035,0.70518714,0.67074883,0.7528626,0.7774135999999999,0.5195419,0.52917683,0.7618669,0.7256109000000001,0.704817,0.8225261999999999,0.6629408,0.62746614,0.9275595999999999,0.30967027,3.0,0.4671023,0.4991648,0.5641525,cluster2_pred,,1
0.5069247,0.19325791,0.19418724,0.19352552,0.19227466,0.20609966,0.082232974,0.51021457,0.5182640000000001,0.6494154999999999,0.57823086,0.5583133000000001,0.5775844,0.56057143,0.55621904,0.57585335,0.5782005,0.21203797,0.20875633,0.54024476,0.5482325,0.49660390000000004,0.49701267,0.2787352,0.26157266,0.7315216999999999,0.14877768,3.0,0.50269973,0.58139396,0.56136453,cluster1_pred,2.0,2
0.50363463,0.023443417999999997,0.023936792999999998,0.023272054,0.023543837999999997,0.025236694,0.1415317,0.50856966,0.50985265,0.6483856,0.5924628000000001,0.5866771,0.5849398,0.55753845,0.5632614,0.6002174,0.6071607,0.027354218,0.02570129,0.5187315,0.49822837,0.5520581999999999,0.44414127,0.64602816,0.52699345,0.21765707,0.021701341000000002,3.0,0.5072226,0.48989934,0.5632,cluster2_pred,,3
0.5151496,0.041777372,0.04159018,0.04133852,0.04105079,0.04400244,0.10824323400000001,0.48882976,0.48602024,0.64117604,0.5772821,0.56837785,0.559196,0.5130545,0.52704364,0.5505147,0.54924035,0.06262838,0.05375101400000001,0.46912667,0.44923544,0.52689743,0.29025635,0.38168209999999997,0.3271736,0.33893229999999996,0.062386338,3.0,0.5078252,0.53851193,0.5620707,cluster2_pred,,1
0.36236609999999997,0.5058018,0.50773317,0.51185805,0.51253754,0.52590555,0.032180794,0.54884946,0.5232194,0.5003237,0.43781772,0.45173892,0.44393447,0.4183577,0.3937401,0.39940095,0.41390119999999997,0.5853184,0.562868,0.48903146,0.5477295999999999,0.35505092,0.37478712,0.123695165,0.16647793,0.9237390999999999,0.35419443,2.0,0.50317335,0.5685829,0.5039226,cluster1_pred,2.0,2
0.4074583,0.60674566,0.6062432,0.6109349000000001,0.6107725,0.6063381,0.016544708999999998,0.5331258000000001,0.55133027,0.7192034,0.62497836,0.6647428000000001,0.6736345,0.6074988,0.6156279,0.64704674,0.6652884,0.64061373,0.5684707,0.45587793,0.3760177,0.65895677,0.5467373000000001,0.9354648000000001,0.83438545,0.95877093,0.43058756,2.0,0.51954484,0.5214402,0.5801791,cluster2_pred,,3
0.53488946,0.059209656,0.058645144,0.054199394000000005,0.05553931,0.059532717,0.19201118,0.47402489999999997,0.47760883,0.59276944,0.5497671,0.53635424,0.54540473,0.5261975,0.5220134,0.54856557,0.5548456,0.07637366,0.069220155,0.502409,0.49486014,0.51434666,0.28855290000000006,0.16795795,0.34505996,0.34530702,0.06816551,3.0,0.50935215,0.57604825,0.5363118,cluster1_pred,2.0,1
0.056193247,0.690078,0.6869859,0.6843821999999999,0.6785455,0.7192960999999999,0.023851525,0.40117127,0.3754102,0.5291279999999999,0.50041205,0.58028245,0.5822015,0.52555746,0.5483551999999999,0.63008213,0.572034,0.69874364,0.66064054,0.6669644,0.6628361,0.5852344,0.5539803000000001,0.4665641,0.6984097,0.94337386,0.57188904,2.0,0.47252125,0.5222035,0.49047455,cluster1_pred,2.0,2
0.51679456,0.1178182,0.12207765,0.118503764,0.12405791,0.13297796,0.1023018,0.55133945,0.55471355,0.6700141,0.60005313,0.5958266,0.5950534000000001,0.5595604000000001,0.56627953,0.5885227,0.5847399,0.14052321,0.11416155,0.5123055000000001,0.5141032,0.4975138,0.49856746,0.19656613,0.10876994599999999,0.48260870000000006,0.11851758,3.0,0.49370262,0.6232263,0.5380944,cluster1_pred,2.0,3
0.51294,0.90758663,0.9232868000000001,0.9246784,0.9280371,0.93008244,0.015190588,0.59306914,0.5665266999999999,0.7235059,0.6790951,0.67113495,0.61333495,0.5989587,0.6267538,0.6983914000000001,0.5855418000000001,0.9936984000000001,0.9556800999999999,0.49296245,0.49021450000000005,0.49874407,0.55277544,0.82963157,0.73569256,0.9900605,0.563426,3.0,0.5379415,0.4820757,0.50866956,cluster0_pred,3.0,2
0.60633945,0.77934533,0.7775033,0.78301585,0.7735455,0.8135779000000001,0.020035317,0.46732315,0.45306912,0.61071634,0.56115,0.5845863,0.47216776,0.41403344,0.34478185,0.358431,0.42143590000000003,0.85210437,0.8277014000000001,0.5660159,0.6420453,0.35190886,0.46168178,0.34554840000000003,0.34535920000000003,0.9398107,0.4034596,1.0,0.50974125,0.5239227,0.53161275,cluster2_pred,,2
0.44377849999999996,0.7952728,0.7973944000000001,0.80104864,0.8041126000000001,0.8484461,0.008771301,0.5442045999999999,0.6231544,0.7182829000000001,0.628797,0.68749815,0.65101504,0.6461697,0.6692901,0.7652439999999999,0.75800776,0.8213630999999999,0.7493109,0.5178680999999999,0.43181375,0.70293045,0.62094486,0.7844234,0.7326243,0.9516558,0.3685235,3.0,0.53933525,0.5096404,0.53341967,cluster0_pred,3.0,1
0.5464044,0.18333954,0.18610856,0.18280813,0.18472856,0.19801098,0.07741887,0.5069246000000001,0.52527356,0.61233807,0.554511,0.55922824,0.56103486,0.53529644,0.5411283,0.5797515999999999,0.5753979,0.20773779999999997,0.20483297,0.5193736,0.51946336,0.5048394,0.4193209,0.20950198,0.3082763,0.72293615,0.13688652,3.0,0.50588065,0.57156247,0.55091715,cluster1_pred,2.0,2
0.36849440000000006,0.7452234999999999,0.7554234999999999,0.7520180999999999,0.7515569000000001,0.7877436999999999,0.017723748,0.49791196,0.48312584,0.6575350000000001,0.66485703,0.5837279000000001,0.5848714,0.5389735999999999,0.6081072,0.7299642,0.69009954,0.77653724,0.7164425,0.5644779999999999,0.51396585,0.64321744,0.58375204,0.70876366,0.67007613,0.93693036,0.40683508,2.0,0.518385,0.5208731,0.52916723,cluster2_pred,,1
0.50710315,0.7068364,0.7089993,0.7074045,0.7104353,0.71635944,0.029372592000000003,0.47924718,0.39441323,0.63681024,0.5773649000000001,0.44907966,0.47175547,0.41538808,0.24606097,0.37764314,0.47883445,0.8161488,0.790309,0.39352825,0.41853786,0.38707772,0.42295948,0.3206432,0.24931826,0.9644063,0.7792581999999999,3.0,0.5199402,0.5243408,0.52398735,cluster1_pred,2.0,2
0.50198966,0.35706127,0.35576057,0.35367402,0.35285570000000005,0.37822685,0.052652076,0.46744490000000005,0.40330788,0.5433329000000001,0.49948100000000006,0.49884096,0.5113862,0.42711955,0.38418472,0.44136375,0.43246543,0.44600448,0.38551940000000007,0.3598875,0.36246294,0.42274776,0.23631604,0.13987681,0.19646868,0.8871658000000001,0.28592986,3.0,0.52001166,0.56156904,0.5212624,cluster1_pred,2.0,1
0.50198966,0.076942496,0.07779458,0.07777766,0.07787577,0.083475225,0.08969407,0.5003447,0.50985265,0.6473555999999999,0.58771884,0.57112277,0.5729873000000001,0.55753845,0.5642674,0.61483586,0.60996336,0.07360803,0.06615485,0.56873417,0.5588350999999999,0.5515243000000001,0.62049806,0.57205814,0.4829075,0.3955506,0.06582194,3.0,0.50265807,0.5077074,0.57132953,cluster2_pred,,2
0.5151496,0.099183686,0.09903848,0.09431307,0.09538272,0.102240965,0.060561847,0.49047476,0.460786,0.613368,0.5554598000000001,0.541844,0.53529114,0.5181095,0.4546081,0.48521903,0.49505678,0.115927935,0.14207056,0.56797695,0.6058749,0.44085115,0.47309405,0.22048624,0.25714195,0.8017259,0.25044479999999997,3.0,0.5024971,0.59891117,0.54647225,cluster1_pred,2.0,1
0.53084767,0.53167754,0.5315115,0.53822064,0.5362395000000001,0.5477168,0.01722509,0.5189663,0.5143302,0.6497451999999999,0.53956324,0.55144787,0.5815296,0.5805547,0.5961562,0.6299446,0.619722,0.5512509,0.5156970999999999,0.6055963000000001,0.6092438,0.5379082,0.57995677,0.2741238,0.32217002,0.9276196,0.35873005,3.0,0.48930845,0.542126,0.5313901,cluster1_pred,2.0,1
0.50034463,0.10339148,0.10502268,0.10503046,0.10534358,0.112918034,0.07637677,0.5217295999999999,0.52527356,0.6432359000000001,0.58392364,0.57661253,0.59229517,0.56057143,0.5823763000000001,0.6031411,0.62491053,0.100983635,0.10801118,0.55274695,0.53170484,0.56958723,0.6094392,0.38395733,0.4123045999999999,0.5055066,0.059926525,3.0,0.5023783,0.53795725,0.56688565,cluster2_pred,,1
0.4995714,0.46229646,0.47999185,0.47043118,0.47912619999999995,0.4942385,0.046978753,0.5730566,0.5807656,0.7114977,0.61858857,0.6293823000000001,0.5707459,0.5605509,0.62830293,0.6743507,0.6774633000000001,0.49477693,0.48152882,0.51952136,0.48127064,0.59339607,0.5805428,0.5621725000000001,0.4469991,0.92433894,0.2738041,3.0,0.5161018,0.52595085,0.5615696,cluster2_pred,,2
0.52796423,0.46513999,0.47008425,0.47332817,0.46770352,0.4798367,0.040061966,0.52348834,0.52576214,0.6376314999999999,0.5376342,0.54135686,0.5473312,0.53480417,0.48680642,0.5434694999999999,0.55284965,0.51557606,0.48700333,0.4075083,0.35097837,0.5819557,0.3918042,0.16995317,0.16902305,0.91297466,0.29477438,3.0,0.5299497,0.56524795,0.5306792,cluster1_pred,2.0,2
0.47101450000000006,0.5803012,0.5852956,0.58544147,0.5839291999999999,0.5796324,0.025738107000000003,0.45512617,0.36914387,0.5555131,0.48168114,0.4743337,0.4709942,0.48942890000000006,0.51050293,0.5991239,0.60130507,0.6302641,0.6225470999999999,0.5208912,0.49357644,0.5688127,0.42285562,0.28119203,0.43943194,0.96187866,0.40131953,3.0,0.5016842,0.5281614,0.5084088,cluster1_pred,2.0,1
0.52526027,0.76057833,0.76618034,0.7720073000000001,0.77154654,0.8058764,0.0,0.5358819,0.5815183,0.68123645,0.6707128000000001,0.68668246,0.65525866,0.6164459,0.6469359,0.7034444000000001,0.6751632,0.78527576,0.7286521,0.5867074000000001,0.54746497,0.6278507,0.6709976,0.84590775,0.8195962,0.9374411,0.32715459999999996,3.0,0.51318055,0.5152992,0.5329917,cluster2_pred,,3
0.37377086,0.60731435,0.6079416,0.61151433,0.61277145,0.61050034,0.012338182,0.51726544,0.5008028,0.664108,0.54485637,0.5336211999999999,0.5678175999999999,0.555106,0.5732516,0.57594115,0.55107504,0.65409076,0.6435801999999999,0.53474855,0.539483,0.5014807,0.49927804,0.36205053,0.35681742,0.96275437,0.3130585,2.0,0.5087526,0.51321757,0.53195846,cluster2_pred,,1
0.5100929,0.7105329,0.71805763,0.7181234000000001,0.7227146,0.7574976,0.024008692999999998,0.5527234000000001,0.38191587,0.5107311,0.52698326,0.51767266,0.54147077,0.5661104,0.63604194,0.68396056,0.7056631999999999,0.7647358,0.6833354,0.5476656,0.5029630999999999,0.62176013,0.51662153,0.47325584,0.66364706,0.94001955,0.48569697,3.0,0.5008491,0.5162421,0.49902666,cluster1_pred,2.0,3
0.47484767,0.82740027,0.82732445,0.76012963,0.7561259,0.7624985,0.13104776,0.22120714,0.39941078,0.64966154,0.4970294,0.36345370000000005,0.41275415,0.46224433,0.54375374,0.48969250000000003,0.5446121,0.8000743,0.73281425,0.5462123000000001,0.50098646,0.6222724000000001,0.48641545,0.45520884,0.4087353,0.96538347,0.8563431,3.0,0.5086108,0.53774726,0.5142108,cluster1_pred,2.0,1
0.47900245,0.47907305,0.47914267,0.46782390000000007,0.47227257,0.47997424,0.08993242,0.47013238,0.50930256,0.6793342,0.37520874,0.47346914,0.53526986,0.5204912,0.47486000000000006,0.5422148,0.5331843,0.574487,0.5581366,0.19937733,0.09354889,0.5960873999999999,0.35296354,0.124633245,0.15527898,0.90951556,0.6069883,3.0,0.5323201,0.57001466,0.5356185,cluster1_pred,2.0,3
0.5738154000000001,0.7378304,0.7353251999999999,0.74419624,0.7364218000000001,0.76916814,0.016851531,0.49339634,0.43022287,0.5748354,0.5306853,0.54742897,0.54246473,0.5343817,0.5717693,0.6081563,0.61312014,0.77568996,0.70864093,0.54038537,0.50211304,0.60343456,0.49539137,0.34299982,0.60680616,0.9379930000000001,0.3552127,3.0,0.5087378,0.5219251,0.49980807,cluster1_pred,2.0,1
0.5447594,0.14426719,0.1451168,0.14391929,0.14367777,0.15400855,0.07784848,0.5102147,0.52527356,0.6463257,0.57158935,0.5638029999999999,0.57850385,0.5393405,0.54112834,0.58072615,0.5744638000000001,0.16582693,0.15379494,0.5065111,0.50300854,0.50697213,0.40423623,0.27967516,0.2840493,0.65245897,0.116214335,3.0,0.50603944,0.5684813,0.56291234,cluster1_pred,2.0,3
0.49791133,0.6860789,0.6951286,0.6972651,0.69187343,0.72515535,0.02246216,0.52988535,0.546706,0.68232024,0.46375479999999997,0.43552756,0.48445508,0.36398873,0.3641413,0.38629246,0.4384812,0.7740004,0.7446316,0.43384144,0.4628424,0.39716634,0.40127674,0.25039873,0.19485433,0.93251455,0.49345544,3.0,0.5335179,0.5277918,0.50648654,cluster0_pred,3.0,3
0.4937647,0.1656067,0.16426624,0.14790004,0.15665707,0.16792108,0.27879506,0.4806048,0.47059932,0.60718846,0.554511,0.52903455,0.5205804,0.5009225,0.5018924,0.54369277,0.5716611,0.18816853,0.17599407,0.47453654,0.45864207,0.5202633,0.27443,0.18185475,0.12959008,0.6936139,0.13580795,3.0,0.5188313,0.644185,0.52458304,cluster1_pred,2.0,1
0.50363463,0.078445286,0.07839299999999999,0.07900251,0.07787577,0.083475225,0.03397088,0.5069246000000001,0.50985265,0.6483856,0.6028995,0.5958266,0.5895369,0.5828134,0.5874064999999999,0.61483586,0.61743695,0.07656080000000001,0.06801399,0.5397930000000001,0.51560485,0.57064635,0.5808219,0.8340401,0.8616063,0.46116024,0.051144987,3.0,0.51003414,0.40133348,0.5866832,cluster2_pred,,3
0.50856966,0.066423014,0.068219855,0.06767269,0.069122285,0.07409234,0.09293853,0.5283095,0.53508687,0.6555949999999999,0.59436035,0.61778563,0.6281525,0.62022036,0.63770896,0.6625894,0.67629147,0.050795915999999997,0.055402285999999995,0.5376105999999999,0.47918096,0.6486273,0.67044914,0.8103564999999999,0.82113296,0.38878235,0.08973691,3.0,0.50950867,0.41551945,0.5828828,cluster2_pred,,2
0.5652611,0.47367042,0.47574577,0.47709423,0.47427154,0.48658562,0.01893746,0.5011101,0.5753472,0.7030161,0.6305665,0.60110235,0.5931924,0.57881516,0.5607113,0.6071065999999999,0.6257130999999999,0.50009465,0.47670275,0.4594219,0.39878159999999996,0.61629593,0.50133234,0.60957175,0.36581358,0.9123629000000001,0.22896884,3.0,0.5310375,0.52526194,0.58256465,cluster2_pred,,1
0.5069246000000001,0.076942496,0.08258194,0.07808387,0.08149789,0.08735779,0.17244996,0.5250195,0.53228307,0.6731038,0.6010019,0.6031463,0.6189583000000001,0.61112136,0.61859405,0.6265305999999999,0.6323840999999999,0.06914613,0.063781045,0.57156956,0.55326724,0.5722755,0.71461487,0.7324982,0.796371,0.39362329999999995,0.071593806,3.0,0.50482565,0.45920035,0.5684432,cluster2_pred,,3
0.5230655,0.5919595,0.590391,0.59152514,0.587356,0.58512753,0.04045835,0.50277144,0.41927585,0.55248564,0.5189401,0.45783857,0.43576628,0.39921173,0.38088912,0.36555535,0.43007144,0.65710306,0.6476729999999999,0.5354121999999999,0.5970764000000001,0.37041053,0.38809645,0.093620606,0.12385204,0.9427209000000001,0.37571174,3.0,0.49359992,0.57335705,0.5005768,cluster1_pred,2.0,2
0.5135046,0.063718006,0.064928554,0.063385725,0.066103846,0.07085687,0.08553897,0.5184396,0.51826406,0.6205775,0.5725380999999999,0.5720377,0.5748262,0.56158245,0.5682916,0.6002174,0.6052923000000001,0.053530805,0.0730096,0.55556643,0.52514213,0.59259033,0.58666986,0.17602131,0.3828905,0.38916036,0.08247113,3.0,0.5058689,0.5635892,0.54806435,cluster1_pred,2.0,2
0.44009529999999997,0.9400023999999999,0.95895416,0.9550966999999999,0.96801645,0.97019964,0.034706733999999996,0.62657773,0.6012911,0.7034383000000001,0.66901135,0.65979046,0.5970482,0.6665604,0.69930935,0.62648904,0.6629975,0.99912107,0.9143398000000001,0.6434310000000001,0.67133814,0.5000331,0.64556503,0.5917357,0.46893153,0.99053556,0.5937361999999999,2.0,0.5189789,0.46056786,0.5139525,cluster0_pred,3.0,2
0.499738,0.705699,0.70248854,0.7074045,0.70015484,0.7088109,0.035618246,0.45852605,0.53316957,0.74276245,0.62741965,0.6139339,0.69425714,0.7486229,0.7813151999999999,0.8119085,0.8553209,0.657614,0.61694944,0.7181203,0.6355097,0.7908544,0.70861024,0.82048357,0.834158,0.96607286,0.49277118,3.0,0.4805072,0.50928986,0.556579,cluster2_pred,,3
0.5283095,0.21489799,0.21423429,0.21036714,0.21249822,0.22777733,0.20185752,0.5118596,0.51966596,0.6555949999999999,0.6209266,0.63151,0.63918555,0.6839133000000001,0.69203556,0.6966991,0.6959097,0.17305045,0.19622535,0.6542284,0.61177933,0.6675773,0.82147324,0.70266616,0.81970865,0.7750524000000001,0.21097276,3.0,0.4827971,0.46948287,0.57432973,cluster2_pred,,3
0.48121756,0.66020316,0.6637073,0.67293036,0.66474456,0.65776753,0.027254594,0.5258451,0.5156351,0.59816873,0.51856333,0.5251365,0.5470071999999999,0.49851036,0.5441429,0.57950467,0.55308497,0.7041089,0.68702227,0.47710747,0.42683000000000004,0.60084665,0.45517048,0.22757432,0.317764,0.9695439,0.3380479,3.0,0.5289996,0.5158273,0.5010342,cluster0_pred,3.0,2
0.52008456,0.021940632,0.021842325,0.022353422,0.022034615,0.023618955,0.094390295,0.50527966,0.51405835,0.63808626,0.5810772,0.5720377,0.5840204000000001,0.56158245,0.56627953,0.59437,0.5996871,0.025258272999999998,0.024804736,0.5197651,0.49868947,0.5538744000000001,0.4045276,0.20858888,0.34511656,0.20462443,0.01503964,3.0,0.50914735,0.5574197,0.5518879,cluster1_pred,2.0,1
0.46106276,0.6385927,0.6348337,0.6257096,0.6290486999999999,0.6223734000000001,0.05072967,0.41211509999999996,0.40521586,0.5837475999999999,0.54596484,0.63803893,0.5960901,0.51089776,0.47722888,0.47374597,0.5097537,0.7032009,0.6604336999999999,0.44448134,0.4167737,0.5331378000000001,0.4184902,0.6165419,0.75452983,0.9688979,0.5251704,3.0,0.50674236,0.5348225,0.509318,cluster1_pred,2.0,2
0.39561054,0.5510133,0.55047745,0.5503879,0.5450921,0.5648669,0.024734722,0.43928802,0.44074795,0.6079741999999999,0.5870717,0.58239317,0.6212748,0.6134295999999999,0.5473385999999999,0.54624426,0.5512468,0.6082914,0.5200536,0.49692148,0.49408305,0.50084823,0.44901183,0.6108818,0.7654503,0.9283139000000001,0.33741352,2.0,0.4978172,0.51595855,0.5425369,cluster2_pred,,1
0.54475945,0.18514287,0.19179356,0.1874013,0.19167097,0.20545256,0.09803345,0.5464044,0.547704,0.6731038,0.57917964,0.57203764,0.5831009,0.55753845,0.5642674,0.5972937,0.6099633000000001,0.20686093,0.20324787,0.5216094,0.51590675,0.51927817,0.52161777,0.42259791,0.30744866,0.72673076,0.13971438,3.0,0.5054748,0.5639564,0.56866646,cluster2_pred,,1
0.46641546,0.73356515,0.7367405,0.74245805,0.7401342,0.73982346,0.028646274,0.5957861999999999,0.58375746,0.6828255,0.647373,0.66311705,0.6631094,0.66434306,0.67220277,0.7035686,0.8767351999999999,0.68686706,0.69849044,0.8061809,0.78867763,0.68275315,0.8973786,0.6953818,0.7827994,0.9831238000000001,0.30700612,3.0,0.46584052,0.5307126,0.52526534,cluster1_pred,2.0,2
0.47402483,0.16049725,0.17174649,0.16167955,0.17386219,0.18636328,0.20553216,0.57436925,0.57013446,0.6916425,0.63420975,0.66627854,0.69067305,0.67077035,0.6890174,0.72691053,0.7230015000000001,0.14890164,0.13629773,0.55564046,0.4904429,0.67287886,0.77294827,0.9365915000000001,0.93481994,0.7028508000000001,0.13743239999999998,3.0,0.49926996,0.42675698,0.5868272,cluster2_pred,,3
0.49869972,0.032760672000000005,0.03201546,0.032764606,0.03259916,0.034943115,0.09262852,0.51679456,0.49863738,0.5999789000000001,0.57253814,0.5674629,0.5665514,0.54035145,0.5401223,0.60411566,0.6099633000000001,0.028486402999999997,0.030208002999999997,0.55265427,0.53689104,0.55735976,0.52558947,0.079700515,0.28540683,0.26356223,0.06281933,3.0,0.5104858,0.591986,0.53954875,cluster1_pred,2.0,1
1.0,0.49291286,0.51793236,0.494225,0.5194736,0.55062526,0.06237707,0.5541328000000001,0.5085414,0.52097756,0.46174318,0.33089763,0.30535075,0.21331328,0.17911528,0.17813320000000002,0.18509424,0.730263,0.56833583,0.0,0.018432366000000002,0.21385314,0.05420688,0.09431486,0.049534746,0.93614984,0.52916324,1.0,0.5921176,0.5710928,0.5010739,cluster0_pred,3.0,3
0.5607854,0.5535724,0.5558559000000001,0.5579201,0.5550869,0.5696270999999999,0.01985128,0.48619154,0.50287646,0.7064725000000001,0.63122666,0.6390173000000001,0.6579041,0.6188968,0.6670099,0.64930636,0.6762369,0.57040983,0.5151229,0.571913,0.5340484999999999,0.6175876,0.618125,0.8322855,0.83011705,0.9272469999999999,0.30281857,3.0,0.49351582,0.50752366,0.56785035,cluster2_pred,,1
0.50856966,0.41807428,0.42158678,0.42532745,0.42197799999999996,0.4523192,0.03903027,0.52995455,0.51265645,0.5649614000000001,0.49948100000000006,0.45949766,0.44794622,0.48777953,0.5421343000000001,0.5688365,0.55015296,0.44735187,0.46333763,0.49655434,0.46134830000000004,0.5753736,0.44530544,0.07741476,0.1530113,0.90440995,0.32395613,3.0,0.49689957,0.58148503,0.50765246,cluster1_pred,2.0,2
0.5572911,0.71422946,0.72286993,0.7265246,0.7292827,0.7643854,0.015742118,0.5862201,0.5765499,0.6737408,0.7008623,0.65740484,0.7048608000000001,0.6961803000000001,0.6993619000000001,0.7299644000000001,0.7082574,0.7490078,0.67360663,0.53178406,0.46634123,0.66202354,0.6440714,0.8199267,0.82149166,0.93867946,0.3352739,3.0,0.51649255,0.50855595,0.54831094,cluster2_pred,,1
0.49869972,0.101588145,0.10352664,0.101049714,0.09991038,0.10709417,0.063364565,0.48389477,0.51966596,0.64529574,0.57917964,0.5555684000000001,0.55919605,0.53529644,0.555213,0.5680568,0.57726634,0.10193804,0.11065231,0.54019916,0.5239242999999999,0.55257773,0.501872,0.18924570000000002,0.10031061,0.5490443,0.081368,3.0,0.5011511,0.6102435,0.5533916,cluster1_pred,2.0,1
0.30190858,0.5668498000000001,0.57777435,0.56618464,0.5795406,0.6143168999999999,0.032984544,0.5394876000000001,0.53350353,0.6177653000000001,0.59051406,0.5739465,0.53581643,0.6935732,0.5553214,0.6580395,0.70603204,0.5903801,0.5198119000000001,0.46277827,0.34027064,0.76068616,0.5328425999999999,0.44125926,0.54090977,0.9372674999999999,0.63014305,2.0,0.5115666,0.5181124,0.5657332,cluster2_pred,,2
0.47401872,0.65508497,0.6583289000000001,0.6558381999999999,0.6550353,0.6481404000000001,0.042057752999999996,0.544561,0.56961805,0.78925365,0.6738376,0.6100138,0.5767788,0.5108976,0.54150176,0.59144527,0.5906931,0.706088,0.66099924,0.44727290000000003,0.41880006,0.5362403,0.5131945,0.78247464,0.62966645,0.9714493000000001,0.5196126,3.0,0.5291931,0.5191154,0.5655891,cluster2_pred,,3
0.56778926,0.09437478,0.100534536,0.095537916,0.10172145,0.10903546,0.12149235,0.54475945,0.56312495,0.7019418000000001,0.6408513000000001,0.64248955,0.65757394,0.64044034,0.65380573,0.6966991,0.6996465000000001,0.076669075,0.07658937,0.5841098000000001,0.5454666,0.6252239,0.943385,0.966979,0.97482467,0.49638253,0.05446676,3.0,0.51051706,0.4092817,0.584573,cluster2_pred,,3
0.49869972,0.10789983,0.11340056,0.108092576,0.1143989,0.12262444,0.065452516,0.51679456,0.51686215,0.6360264,0.58392364,0.5793574,0.59597284,0.5777584,0.58137023,0.6284797,0.6342525,0.10371451,0.117747776,0.5650948,0.5367218,0.59241784,0.6704729,0.48640564,0.6326305,0.5705689,0.07238263,3.0,0.5020643,0.48551694,0.5755564,cluster2_pred,,1
0.5730558000000001,0.52798104,0.5323607,0.53097814,0.5348116999999999,0.5517569,0.020078942,0.52956563,0.43506590000000006,0.5465241999999999,0.49153793,0.4802567,0.46583357,0.4646262,0.46713534,0.4792128,0.47336490000000003,0.6130666,0.5848001,0.49820936,0.55704105,0.35913658,0.37748963,0.13132848,0.15325472,0.9261905,0.35064337,3.0,0.49712902,0.5552624,0.5072693,cluster1_pred,2.0,2
0.5217295999999999,0.052597407,0.055353835,0.052055914,0.05463377,0.058562065999999996,0.1033205,0.5283095,0.5505078,0.6617746,0.61143863,0.6013164000000001,0.59873104,0.5777584,0.62966055,0.6440726999999999,0.65573907,0.056694772000000004,0.04009874,0.47503614,0.41988534,0.61110216,0.49212825,0.6772178000000001,0.67314357,0.3734961,0.09254982,3.0,0.5094918,0.4480263,0.5805936,cluster2_pred,,1
0.5216157,0.63546485,0.63455063,0.64135325,0.63504565,0.6327373000000001,0.01791674,0.49987325,0.5279792,0.66864604,0.64183426,0.6779314000000001,0.69905883,0.7118912,0.63441765,0.6704002,0.65973103,0.6557348000000001,0.5837720000000001,0.5625331,0.51992494,0.62404466,0.6299835,0.84027845,0.9176435,0.9642984,0.30619070000000004,3.0,0.49865264,0.5126771,0.55753446,cluster2_pred,,3
0.47557652,0.56778985,0.5776526,0.5776196,0.5793600999999999,0.59777176,0.044291027000000004,0.4845754,0.35199177,0.49488208,0.44396412,0.53781253,0.53289014,0.50610256,0.5240005,0.6009336999999999,0.70331776,0.59504455,0.63300836,0.68441594,0.69689184,0.5552685,0.56343615,0.25700619999999996,0.49407718,0.93252265,0.40418288,3.0,0.47286978,0.54427946,0.49694932,cluster1_pred,2.0,3
0.52815026,0.5348054,0.53179455,0.53155756,0.5236746,0.5426494000000001,0.02495256,0.39561054,0.36155182,0.51659393,0.48818496,0.5195642,0.52209693,0.5311018,0.549795,0.51397294,0.49220702,0.6063844,0.56458616,0.47609925,0.48461232,0.46468145,0.3629155,0.30832896,0.6018708,0.9258197,0.3443104,3.0,0.4963691,0.5134805,0.5088127,cluster1_pred,2.0,3
0.49376476,0.027050097999999998,0.029322574,0.027252804,0.030184405,0.032354735,0.19919464,0.5217295,0.53508687,0.66486436,0.6047971,0.60589117,0.60700583,0.5848354,0.5874064999999999,0.61970866,0.6221079,0.022641016,0.02180402,0.5347297,0.5063936,0.5777952,0.6723484000000001,1.0,0.9579073,0.25670479999999996,0.016942512,3.0,0.5147011,0.4066435,0.571546,cluster2_pred,,2
0.45757487,0.2563748,0.26031262,0.25629884,0.25385085,0.27210334,0.04688977,0.47895992,0.51265645,0.70503163,0.65128803,0.60497624,0.576665,0.5272085,0.43448713,0.40627953,0.36240047,0.32565075,0.2946968,0.29184067,0.24764958,0.49810216,0.3378892,0.7252791000000001,0.51624465,0.85236233,0.354802,3.0,0.51161194,0.50539994,0.6100975,cluster2_pred,,1
0.49075169999999996,0.7766383000000001,0.7722608,0.7692026999999999,0.7636655,0.80575514,0.012844351,0.41948178,0.41609120000000005,0.63613707,0.55499077,0.56316864,0.49620333,0.53865486,0.51475114,0.48791102,0.49584037,0.85208446,0.7476044,0.3988288,0.3618352,0.53271234,0.39437842,0.5833148,0.5821455,0.9502518,0.4319597,3.0,0.5367954,0.5254664,0.5154767,cluster0_pred,3.0,3
0.50527966,0.09557701,0.09634559,0.09615034,0.09477904,0.101593874,0.07538119,0.49705473,0.48602024,0.6174877,0.54881823,0.5473338000000001,0.55184066,0.5423735,0.55420697,0.5768279000000001,0.5810031,0.105482966,0.11028245,0.5324694000000001,0.5221220999999999,0.5351968,0.42222232,0.042677145,0.19060372,0.5198024,0.07062285,3.0,0.503562,0.6042527,0.5379882,cluster1_pred,2.0,1
0.5266645000000001,0.096779235,0.096644804,0.09676276,0.09659010000000001,0.10353515,0.060598828,0.5184396,0.51686215,0.6555949999999999,0.60005313,0.5921668000000001,0.594134,0.55652744,0.555213,0.58559895,0.59781873,0.10980585,0.090128094,0.47688398,0.44140297,0.5665909,0.36591452,0.6778941999999999,0.53619945,0.55914706,0.06290567,3.0,0.5067549,0.47036114,0.58971304,cluster2_pred,,3
0.4032902,0.32580337,0.33212298,0.32458392,0.33263215,0.35654917,0.0343638,0.55627435,0.5449002,0.713271,0.6057459,0.57203764,0.60884464,0.5716924,0.68197507,0.67720777,0.702449,0.35045856,0.28625008,0.41863516,0.3248216,0.6733295,0.49783236,0.5479363,0.5455966,0.8741993,0.33040443,2.0,0.5109891,0.48183265,0.5920358,cluster2_pred,,3
0.44378668,0.6647528,0.6608765999999999,0.66018367,0.6576054,0.6506887,0.034146827000000005,0.44234684,0.4947785,0.6441372,0.57751805,0.57878506,0.5156265999999999,0.44719392,0.54238176,0.59315056,0.58578736,0.70967066,0.68566465,0.4885483,0.45974672,0.55675983,0.45985395,0.5135102,0.42836392,0.97091246,0.39346856,3.0,0.5338834,0.51513255,0.5289048,cluster0_pred,3.0,1
0.50552434,0.681245,0.6818241,0.68538743,0.6881611,0.7212623,0.016601335,0.5116149999999999,0.48312557,0.6432359000000001,0.5559633,0.53715044,0.5457258,0.5062227,0.47774372,0.49363342,0.5344591999999999,0.7605449000000001,0.72765464,0.45285842,0.44781682,0.48483756,0.39674497,0.27399766,0.20258625,0.93569404,0.33313128,3.0,0.5335354,0.51541954,0.5085011,cluster0_pred,3.0,1
0.5118596,0.06972914,0.06851907,0.066141635,0.06550016,0.07020978,0.15040095,0.46908987,0.48181453,0.6010089,0.5421767,0.54458886,0.5628736999999999,0.5423734,0.57533395,0.60703933,0.6183711,0.06408404599999999,0.06384905,0.56328034,0.5471433000000001,0.56330997,0.50169927,0.15049732,0.38249832,0.38519475,0.06868982,3.0,0.50792766,0.5731831,0.5432392,cluster1_pred,2.0,3
0.5151496,0.13525048,0.13464446,0.1332019,0.13582982,0.14559631,0.18007545,0.50198966,0.48461834,0.6308768,0.5393303,0.5253747,0.5224192,0.48676848,0.51396495,0.5563621,0.5613849,0.15504912,0.15715647,0.5123215,0.5085905,0.510281,0.37679216,0.14526555,0.13978991,0.6558401999999999,0.12619555,3.0,0.50963086,0.63553816,0.5323305,cluster1_pred,2.0,1
0.5036347,0.10309093,0.104723476,0.1007435,0.105041735,0.11259448,0.076050304,0.49047473,0.48742214,0.63396657,0.51181525,0.5043307,0.5040309000000001,0.48373553,0.5300618,0.5846244,0.5744637,0.10609517,0.15014848,0.6155624,0.64825803,0.47563943,0.53644705,0.2666516,0.24513994,0.812055,0.28618377,3.0,0.51032746,0.60453165,0.5538882,cluster1_pred,2.0,2
0.52666456,0.06852691,0.06792065,0.06675406,0.06700938,0.07182751,0.17335339,0.49047473,0.51125455,0.6483855,0.5810773,0.5692928,0.5683902,0.54035145,0.5491767,0.57000595,0.56979275,0.07897889,0.07589499,0.51614964,0.5060568,0.5267963999999999,0.40710402,0.47146859999999996,0.34521666,0.34588796,0.050756812000000005,3.0,0.50092477,0.54974383,0.55736935,cluster2_pred,,2
0.56183493,0.55527854,0.57227415,0.55154675,0.57679003,0.5705566,0.04784404,0.514328,0.48987079999999994,0.62250465,0.47704709999999995,0.46428165,0.46332583,0.3976467,0.34516257,0.36457667,0.4026533,0.68495244,0.62833154,0.33113092,0.33780465,0.3995219,0.27021787,0.32074752,0.2227433,0.96682245,0.5480181,3.0,0.542495,0.5363845,0.5188128,cluster0_pred,3.0,1
0.43405959999999993,0.79196674,0.79260707,0.7927810000000001,0.78268164,0.8258263000000001,0.010448421999999999,0.4583563,0.4188523,0.5935427,0.59142673,0.5838903,0.5613872,0.60634935,0.56824565,0.6136226,0.63750285,0.81986064,0.7567338,0.5251296999999999,0.45861256,0.661317,0.51614964,0.5697167,0.7374238000000001,0.9496152,0.36428946,2.0,0.51598686,0.5328292,0.5094275,cluster1_pred,2.0,1
0.635234,0.43159932,0.44133464,0.44002559999999996,0.44340894,0.47529107,0.038872235,0.5875291,0.5740598000000001,0.6545413,0.6084976,0.5803158,0.60142475,0.6349805000000001,0.6643271,0.7126295,0.7334964,0.43545258,0.41811177,0.46927443,0.35168773,0.7524393,0.5527025,0.392406,0.46691373,0.91094285,0.3210007,1.0,0.5173139,0.51193416,0.5639388,cluster2_pred,,3
0.5870635000000001,0.57556593,0.5855538,0.5808828,0.5765222,0.6142261999999999,0.024953138,0.51511085,0.48759556,0.7026197,0.6452428000000001,0.70215964,0.6662804,0.74147266,0.77099794,0.7319985,0.73072183,0.58540887,0.5127725000000001,0.52090514,0.42513370000000006,0.7268103,0.586889,0.84652394,0.91023934,0.9412625,0.59951526,1.0,0.48760453,0.47704405,0.5795127,cluster2_pred,,3
0.5398245,0.105795935,0.10502268,0.105642885,0.10383435,0.11130029,0.14120582,0.50034463,0.52106786,0.64426583,0.5810772,0.57478255,0.5748262,0.5636044,0.56124926,0.609963,0.6062265,0.101220235,0.10784131,0.5523745,0.53312933,0.5652618,0.57859915,0.46950683,0.40915346,0.49370039,0.05710623,3.0,0.50249773,0.54088926,0.56523705,cluster2_pred,,1
0.0,0.88938826,0.8881855,0.8400864,0.8592155,0.86374503,0.06556924,0.41065457,0.07472695,0.3257349,0.27647382,0.28287137,0.35939679999999996,0.3152574,0.25870909999999997,0.32207748,0.2983176,0.9506509,0.9892674000000001,0.6929859,0.81941175,0.2963867,0.401371,0.19368361,0.29563472,0.97849035,0.7895828,2.0,0.47767317,0.5806791,0.5857009,cluster2_pred,,3
0.51514965,0.06912802,0.07091275,0.06950995,0.069122285,0.07409234,0.09574008,0.50856966,0.53368497,0.656625,0.5972066999999999,0.5894219,0.62079716,0.6080884,0.6256364000000001,0.66843677,0.6678837,0.05073042,0.05735269,0.5445247,0.4892146,0.6447379,0.67044914,0.79904175,0.81680673,0.38411698,0.08672562,3.0,0.5102243,0.41852263,0.58493733,cluster2_pred,,3
0.08768441,0.96786857,0.9750894,0.9568349,0.96059173,0.9657860999999999,0.06277432,0.5202606,0.5019167999999999,0.6322561,0.65325373,0.64865345,0.59382206,0.59189445,0.5509729999999999,0.6199131999999999,0.6485535,0.9352858000000001,0.9943453000000001,0.8331325,0.86032736,0.5924977,0.760525,0.43444118,0.46465626,0.9844016,0.6480005999999999,2.0,0.4866318,0.5212379,0.5382127,cluster2_pred,,3
0.5036347,0.09166977,0.095447965,0.091250956,0.09659010000000001,0.10353515,0.07180709,0.5151496,0.50704885,0.60615855,0.56210136,0.5555684000000001,0.548163,0.5100215,0.52804965,0.49496463,0.50159615,0.11724592,0.13906911,0.55797124,0.59381694,0.44079736,0.48258397,0.14400090000000001,0.19876388,0.8069736999999999,0.24128473,3.0,0.49792582,0.6210791,0.53674394,cluster1_pred,2.0,2
0.5184396,0.068827465,0.068219855,0.06644785,0.06580201,0.07053332,0.08341663,0.49047476,0.5014412,0.6349965,0.5715893,0.54550385,0.55184066,0.49991152,0.49283797,0.5242015,0.52308273,0.101337865,0.07549441,0.45204896,0.44943506,0.47884715,0.16200279999999997,0.3947865,0.28298947,0.45060998,0.082737505,3.0,0.51032484,0.5428965,0.5647033,cluster2_pred,,1
0.53592205,0.662478,0.66455656,0.65265155,0.65731984,0.6504055999999999,0.04668233,0.49273434,0.51195467,0.56572044,0.47953809999999997,0.5595675,0.5783876,0.53655624,0.55294734,0.57524014,0.54409146,0.7074272,0.6887074000000001,0.48630023,0.45696970000000003,0.55690426,0.44880646,0.23860767,0.4279888,0.9707939,0.38313037,3.0,0.52069944,0.50610644,0.49838525,cluster0_pred,3.0,3
0.5036347,0.07784417,0.077495374,0.07532797,0.07455548,0.07991619400000001,0.08029121,0.49211973,0.51546025,0.6349965,0.5753845000000001,0.5702078,0.56930965,0.55349445,0.5723158,0.60314107,0.6015555,0.07628143,0.06967823,0.53958344,0.5205739,0.55859417,0.50649637,0.22683573,0.35704684,0.45653802,0.052402462999999996,3.0,0.5081002,0.5577382,0.55895513,cluster2_pred,,3
0.5315996000000001,0.13525048,0.1355421,0.13105842,0.13069847,0.140096,0.08063444,0.48224974,0.51966596,0.64426583,0.59530914,0.5949116999999999,0.60700583,0.5757364,0.5783520999999999,0.6060648,0.6034239,0.12435182,0.1194497,0.6115078,0.617069,0.5363217,0.7035393,0.7027296999999999,0.8189553,0.52161753,0.11079094,3.0,0.49689817,0.44557226,0.5736912,cluster2_pred,,3
0.5036347,0.040875699999999994,0.0421886,0.04103231,0.042861857,0.045943726,0.24499926,0.5332445,0.52807736,0.65868485,0.6057459,0.5949116999999999,0.60424757,0.5676484,0.5743279,0.60703933,0.6127659000000001,0.0444212,0.035390082999999996,0.49323950000000005,0.45483622,0.5811655,0.47484177,0.74126375,0.5990933,0.32502332,0.04200498,3.0,0.5066957,0.49230713,0.56545144,cluster2_pred,,1
0.5135046,0.10038592,0.09993611,0.09890624,0.099306695,0.10644708,0.07111948,0.49211973,0.5084507,0.6082184,0.55261344,0.5400140999999999,0.54540473,0.51507646,0.514971,0.55441296,0.55951655,0.11127756,0.11452482,0.535231,0.5350775999999999,0.5129925000000001,0.36938214,0.1588993,0.19170016,0.5658359000000001,0.06802722,3.0,0.5068061,0.59528226,0.54815936,cluster1_pred,2.0,3
0.46951568,0.63838226,0.6462934,0.6360008,0.6347781,0.6728876,0.015797876000000002,0.5069425000000001,0.62780493,0.64221716,0.5670499,0.5829977,0.57765406,0.65456986,0.70758724,0.67539245,0.95924264,0.64998484,0.5548748,0.4048781,0.23012403,0.85354555,0.5311271,0.46363693,0.48050028,0.9383994000000001,0.6099359000000001,3.0,0.54575074,0.52107996,0.5663012,cluster2_pred,,1
0.48389485,0.45353994,0.45180696,0.45349887,0.44944578,0.48176199999999997,0.044333495,0.43948004,0.43695354,0.66383445,0.6503391,0.6368168000000001,0.6125010999999999,0.60394347,0.58443624,0.63620776,0.69460136,0.43889192,0.42947936,0.5299507,0.42376134,0.7551844,0.5621965999999999,0.76722294,0.75503796,0.9165360999999999,0.34195638,3.0,0.49664253,0.4879374,0.5921239,cluster2_pred,,3
0.50856966,0.5268436,0.545099,0.5344545,0.54709107,0.5644405,0.029104196000000002,0.5730558000000001,0.58971226,0.62351793,0.5339223000000001,0.526134,0.51864046,0.46923432,0.5102426999999999,0.5414059,0.52872396,0.6134966,0.5741469,0.49144092,0.53868353,0.38264254,0.45057420000000004,0.24705334,0.16270135,0.9281526,0.36117977,3.0,0.51904565,0.5649852,0.5143676,cluster1_pred,2.0,2
0.46969986,0.70313984,0.6990916,0.6946578,0.6935868000000001,0.6863661,0.0245816,0.46538162,0.4579723,0.6666706,0.6057494000000001,0.61882156,0.6998873999999999,0.63830596,0.6471545999999999,0.6656468000000001,0.6078617,0.6638068,0.6535246,0.69108963,0.62353414,0.7431678,0.6587615,0.7430310999999999,0.7862371,0.9697996999999999,0.60073596,3.0,0.47194043,0.51361096,0.53101665,cluster2_pred,,3
0.52974135,0.73982084,0.75429124,0.75317687,0.758696,0.7897331999999999,0.027389226000000003,0.6053549,0.58001286,0.66595984,0.60937166,0.6501600000000001,0.64825845,0.6645856,0.6568358,0.69144493,0.69210875,0.76159453,0.7211805,0.70836514,0.7366316999999999,0.5302911,0.7940010000000001,0.5821609000000001,0.6039966,0.94693404,0.29682309999999995,3.0,0.4833909,0.5056992,0.5192482,cluster2_pred,,2
0.5995691999999999,0.576036,0.58133256,0.5842826999999999,0.5836435999999999,0.5793483,0.01925526,0.49845946,0.50578356,0.62062687,0.50667447,0.5185213,0.52992946,0.549796,0.5228707,0.6059705,0.6193519000000001,0.6296861999999999,0.6095978,0.45133609999999996,0.40139014,0.5877432,0.42245272,0.18733343,0.2884246,0.956885,0.41962570000000005,1.0,0.522495,0.5301859,0.51669264,cluster1_pred,2.0,3
0.5069246000000001,0.21850467,0.21842323,0.21220441,0.20947978,0.22454186,0.04535479,0.42303008,0.41732696,0.5268541,0.50802016,0.51805514,0.6272331,0.5090104999999999,0.49988034,0.48521903,0.46889916,0.28044355,0.1934506,0.31037274,0.23206554,0.585711,0.33369879999999996,0.36438373,0.576649,0.8233236999999999,0.40595725,3.0,0.49165824,0.474201,0.57072026,cluster2_pred,,3
0.7565983000000001,0.4853287,0.503204,0.47999126,0.4885499,0.49893290000000007,0.07363039,0.48035064,0.48775065,0.55303687,0.48987862,0.49857885,0.5209318000000001,0.5184848,0.6034231,0.6756994000000001,0.6281565,0.5434621000000001,0.516521,0.5231293,0.52756155,0.49661535,0.47390687,0.21993501,0.41857654,0.9166065000000001,0.5041254,1.0,0.4995655,0.5303535,0.51334727,cluster1_pred,2.0,2
0.41417146,0.74294865,0.7452328,0.7456446999999999,0.7424187,0.77816075,0.01885743,0.5040017,0.5350276999999999,0.6870859,0.671004,0.65909797,0.6503972,0.7251879,0.69191223,0.767849,0.77224255,0.7455289,0.68806374,0.59094316,0.5157963,0.71274215,0.69693196,0.8256275,0.8830056999999999,0.93795973,0.33694977,2.0,0.5058752,0.5195703,0.54722524,cluster2_pred,,1
0.46117508,0.637171,0.6334183000000001,0.6291859999999999,0.6279064999999999,0.63302034,0.059470925,0.4059388,0.39441243,0.5147228,0.49787453,0.47680518,0.5004356,0.585691,0.5518236,0.5913194,0.5279590000000001,0.6901323,0.670895,0.45249024,0.39092866,0.61510354,0.4280036,0.29047182,0.52460545,0.95079184,0.4796179,3.0,0.5141544,0.5160317,0.5036995,cluster1_pred,2.0,1
0.4246751,0.25006312,0.25193477,0.24711248,0.24449368,0.26207337,0.039155367999999996,0.45757487,0.44816887,0.6082184,0.61333627,0.61595577,0.57942325,0.52013147,0.5018924,0.44136366,0.39322904,0.32248142,0.28782037,0.29240164,0.24310465,0.51015466,0.31013912,0.65515333,0.6557573,0.8494754999999999,0.34497195,2.0,0.50717056,0.47373593,0.59160936,cluster2_pred,,3
0.45512617,0.60674566,0.60369545,0.6002161,0.5944951999999999,0.590144,0.022319147,0.3886809,0.44300259999999997,0.5636515000000001,0.5058412999999999,0.49843519999999997,0.55011225,0.53736633,0.5988419,0.6247964,0.630015,0.629193,0.5838265,0.5374357,0.49176729999999996,0.61909187,0.46876156,0.38981882,0.59072775,0.9619288,0.40522623,3.0,0.5041077,0.5214688,0.5211095,cluster1_pred,2.0,3
0.44770494,0.20678297,0.21573035,0.20363049,0.21732773,0.23295410000000003,0.040049255,0.5381795,0.48321646,0.55878186,0.47196597,0.50341576,0.47001234,0.5464175,0.5491767,0.616785,0.6221079,0.21892598,0.25253013,0.54898393,0.517439,0.59202516,0.50149,0.11130786,0.29348755,0.822591,0.34127474,3.0,0.4791826,0.57662183,0.53622293,cluster1_pred,2.0,3
0.5011101,0.45888427,0.47121653,0.4663754,0.47569937,0.48805282,0.031817634,0.5846554,0.60459024,0.6964779000000001,0.6107753,0.59446394,0.60570025,0.5595604000000001,0.5789595000000001,0.6230161999999999,0.63842183,0.50070673,0.47836614,0.44847763,0.39182890000000004,0.60184413,0.5107013,0.36941832,0.1704392,0.91278654,0.23146679999999997,3.0,0.534675,0.5643847,0.5492908,cluster1_pred,2.0,1
0.43825200000000003,0.5085417999999999,0.5460581,0.51657844,0.5493562,0.5852786,0.06498419,0.6573815,0.6781064,0.69241625,0.6273733,0.664702,0.6624850999999999,0.5958359000000001,0.47498090000000004,0.52911866,0.5334719,0.5826165,0.5750975,0.40094609999999997,0.35300076,0.5590016,0.5053925,0.43897929999999996,0.33847833,0.9368395,0.60260373,2.0,0.5342985,0.559658,0.5482398,cluster1_pred,2.0,2
0.49211976,0.19806682,0.19807696,0.19750626,0.19499126,0.20901158,0.12687011,0.4855398,0.48742214,0.58453,0.5459719,0.55190855,0.5463241999999999,0.53226346,0.53609806,0.5826753,0.6052923000000001,0.21009976,0.1896829,0.585631,0.60382265,0.49478337,0.51818615,0.09695967,0.346267,0.7345655,0.17175123,3.0,0.49862364,0.60283977,0.5342346,cluster1_pred,2.0,3
0.4654996,0.558122,0.5569881999999999,0.5570510000000001,0.5533735,0.5652439,0.038068775,0.47886595,0.44724664,0.64974505,0.59267414,0.570448,0.61722493,0.52578694,0.5897979999999999,0.63610363,0.6720158,0.57015437,0.53578097,0.6180525,0.6105982,0.56949335,0.5894794,0.6816349,0.68765545,0.92823905,0.36576173,3.0,0.4863947,0.52248037,0.5488737,cluster2_pred,,1
0.4967258,0.44181824,0.44043702,0.43941316,0.43374989999999997,0.46209034,0.033569295,0.45951092,0.49317026,0.6002339,0.56507087,0.6121125,0.63703233,0.6369484999999999,0.6612849000000001,0.68546194,0.6721636999999999,0.43568918,0.41110575,0.44544575,0.30800098,0.7868615,0.49710906,0.57100964,0.75994897,0.90916437,0.3238184,3.0,0.51264304,0.47274962,0.576996,cluster2_pred,,2
0.46744490000000005,0.18063454,0.18132120000000002,0.18280813,0.18201198,0.19509906,0.05408969,0.50034475,0.53789073,0.66692424,0.6474928000000001,0.64523447,0.64654094,0.61415434,0.6779509,0.71131754,0.6893703,0.16351043,0.15098292,0.5628801,0.50199926,0.6663824,0.67846996,0.9635935,0.979141,0.78558284,0.18441601,3.0,0.49445856,0.39755303,0.6051703,cluster2_pred,,2
0.6135328,0.46144342,0.46498892,0.40293145,0.40602109999999997,0.41251504,0.2568278,0.15820004,0.18047109,0.44700935,0.38799894,0.36904025,0.38736475,0.38420337,0.13219191,0.2803381,0.36191297,0.5452933000000001,0.53221256,0.19418842,0.11346734,0.535658,0.25850922,0.5184862,0.51104015,0.8995449000000001,0.67060065,1.0,0.5063202,0.5864235,0.5184839,cluster1_pred,2.0,1
0.4937647,0.44241935,0.44821644,0.44339392,0.4385794,0.47011432,0.053576298,0.48553988,0.46639365,0.63396657,0.5677941999999999,0.6351699000000001,0.6180389000000001,0.48171356,0.43448725,0.45695665,0.5427009,0.46392295,0.47428486,0.5447612,0.53077626,0.54947674,0.5174625,0.57719874,0.5298559,0.90555817,0.41313347,3.0,0.4979438,0.5247175,0.5470048,cluster2_pred,,3
0.34436209999999995,0.8180166999999999,0.8134538,0.7969213,0.78611046,0.79277736,0.025171265,0.27105466,0.3869161,0.64048237,0.65431803,0.56487733,0.60942364,0.6334489000000001,0.6567331,0.66428185,0.67450213,0.78900635,0.7652667,0.5679609,0.44676679999999996,0.8080116,0.5457057,0.68399376,0.75527394,0.9715252000000001,0.7508088,2.0,0.49794284,0.5413676,0.5307039,cluster1_pred,2.0,3
0.41519022,0.55840635,0.55755436,0.5567613,0.5605127,0.58086354,0.027161276,0.5296554,0.44241622,0.54610914,0.5145887,0.5426526999999999,0.5183601,0.47995505,0.46579328,0.44657955,0.45397756,0.6323558000000001,0.5897496999999999,0.52444816,0.57760966,0.38478485,0.42090514,0.23079407,0.38063154,0.93138427,0.33780286,2.0,0.49468985,0.5309839,0.5133763,cluster1_pred,2.0,1
0.52666456,0.12713546,0.12746342,0.124627985,0.12405791,0.13297796,0.08911278,0.50034475,0.51826406,0.656625,0.58677006,0.5711227,0.54264647,0.5292305,0.53609806,0.5797515999999999,0.5940819,0.13452812,0.13540994,0.50637376,0.4819794,0.5551225000000001,0.44887787,0.45691509999999996,0.31383590000000006,0.62905926,0.10937807,3.0,0.50665826,0.546099,0.57628334,cluster2_pred,,2
0.52995455,0.16921338,0.16935281,0.16076092,0.16027918,0.17180364,0.06835577,0.43125507,0.48461834,0.59688914,0.522252,0.4723071,0.4553016,0.41094359999999996,0.39927545,0.44331282,0.44367579999999995,0.21875355,0.21205997,0.41614914,0.418075,0.45118254,0.2921539,0.11038804,0.06819437,0.81964725,0.29291508,3.0,0.5016374,0.62016237,0.5450645,cluster1_pred,2.0,1
0.49237195,0.7462821,0.7429382,0.73705053,0.7307645,0.77102876,0.009960165,0.41462170000000004,0.43541697,0.61483985,0.57274157,0.5289325,0.51521486,0.47792876,0.4850322,0.46392,0.49032074,0.8188045999999999,0.7565053,0.42290625,0.41222557,0.48351207,0.34598672,0.52301997,0.48325107,0.9502456,0.37032834,3.0,0.5378686,0.52085406,0.5100168,cluster0_pred,3.0,1
0.48853907,0.55869067,0.56406504,0.56805956,0.56451064,0.5824334,0.017987812,0.54156214,0.594824,0.70051163,0.6757791999999999,0.6796154999999999,0.6175483,0.56048197,0.5606871,0.583164,0.57471406,0.61139226,0.5182174,0.5009349,0.50446934,0.48806190000000005,0.547725,0.7727847,0.62319505,0.9299349,0.34936923,3.0,0.5141875,0.510985,0.56463087,cluster2_pred,,3
0.48917489999999997,0.46826777,0.46725348,0.47506636,0.47113034,0.48335794,0.020611692,0.52348864,0.49651963,0.6423019,0.5961472,0.5994429,0.5998635999999999,0.5650619,0.5251276999999999,0.5664496,0.5791147,0.50591946,0.48442209999999997,0.43382370000000003,0.37226279999999995,0.6061652,0.43238214,0.6497831999999999,0.64091617,0.9151790000000001,0.24417947,3.0,0.5202896,0.50803524,0.57051873,cluster2_pred,,2
0.5135046,0.11391096,0.11669186,0.115747854,0.11620996,0.12456573,0.0781293,0.5266645000000001,0.5561154,0.68752277,0.62472177,0.61778563,0.61620003,0.5949454000000001,0.5984731,0.6353015999999999,0.63892347,0.11860134,0.09979274,0.51292163,0.48146188,0.5745635,0.6011307,0.87636065,0.6622666,0.48857337,0.06758179,3.0,0.50122744,0.44507253,0.58881485,cluster2_pred,,1
0.53745914,0.57034904,0.5691604,0.5726946999999999,0.5650818,0.56088144,0.020954628,0.44645768,0.45531172,0.55822515,0.539999,0.54905003,0.5307360999999999,0.4681228,0.40096164,0.45878109999999994,0.44954753,0.63291854,0.60739577,0.46210864,0.46253997,0.47663516,0.36905274,0.15647373,0.25259122,0.9586906,0.3409058,3.0,0.5147269,0.5371513,0.50803965,cluster1_pred,2.0,3
0.5925514000000001,0.5538568,0.55415744,0.5576304,0.55451584,0.57210964,0.035055737999999996,0.5025708999999999,0.48874480000000003,0.62257916,0.5425724000000001,0.53697836,0.5756384,0.53006667,0.5496818,0.5893835999999999,0.6948011,0.53922313,0.582964,0.7327595,0.7525608,0.56150717,0.7119734999999999,0.25900543,0.36494514,0.9235783999999999,0.27579567,1.0,0.47306073,0.57950854,0.52891606,cluster1_pred,2.0,1
0.47941345,0.75018936,0.74802476,0.74623686,0.7537046,0.79524165,0.01987786,0.49885133,0.5099604999999999,0.5783307,0.53910846,0.49469712,0.46904328,0.39331087,0.42163166,0.5119016,0.5206775,0.8194703000000001,0.7888409000000001,0.47037157,0.46069247,0.5039249,0.40281016,0.19600512,0.15491784,0.949894,0.38410276,3.0,0.544753,0.5124833,0.49350223,cluster0_pred,3.0,3
0.56090057,0.9456893,0.9442343000000001,0.95422757,0.95059687,0.9505378000000001,0.026926104,0.5303732,0.5391602,0.6550669,0.6285798,0.571485,0.52146,0.5836809000000001,0.5937215,0.6904148,0.75316894,0.9906583000000001,0.87942237,0.7144418,0.78315073,0.43986353,0.6276594,0.33296964,0.33137,0.98878133,0.69060385,3.0,0.5025303,0.4871337,0.517819,cluster2_pred,,3
0.5184396,0.1199221,0.119983174,0.11789134,0.11590812,0.12424219,0.06581943,0.4723799,0.47901073,0.6391161999999999,0.5848724000000001,0.59033686,0.6088446999999999,0.6020224000000001,0.6055154,0.6362762,0.6379893,0.116235375,0.105569065,0.5399241,0.5024684,0.6013291000000001,0.55543137,0.64534307,0.8395245000000001,0.48074620000000007,0.06975911,3.0,0.50017357,0.41909203,0.58329684,cluster2_pred,,3
0.4773803,0.5464637,0.55217594,0.55154675,0.5570859,0.56904155,0.033638056,0.58728594,0.4864848,0.68043125,0.6337925999999999,0.65636086,0.64627856,0.65631694,0.61795646,0.6625009,0.6737032,0.5655765,0.5247995,0.6092025,0.59697855,0.5762645000000001,0.63243717,0.7034893,0.74047065,0.9295298000000001,0.36152095,3.0,0.48149657,0.49893275,0.55694383,cluster2_pred,,3
0.51726544,0.6098735,0.61416924,0.6187568,0.61105806,0.60879004,0.0054710847,0.48102993,0.53786176,0.59332365,0.53148067,0.5602265000000001,0.5751092,0.5622335,0.5369068,0.5355821999999999,0.5058020000000001,0.65298927,0.6444884,0.53933907,0.54496753,0.5016152,0.48870020000000003,0.24589929,0.42152312,0.9616325000000001,0.3205437,3.0,0.503958,0.5109768,0.52004546,cluster2_pred,,1
0.40554598,0.39372918,0.40842152,0.39807466,0.40960240000000003,0.43635909999999994,0.07311758,0.56089914,0.5405541,0.67702323,0.60562855,0.56663424,0.6105264,0.54850507,0.46126115,0.4248499,0.47992432,0.551307,0.41739490000000007,0.116672754,0.060180575,0.44262907,0.27190313,0.5340687,0.38312143,0.91523325,0.43416869999999996,2.0,0.55754083,0.5539861,0.5989863,cluster2_pred,,2
0.52172965,0.20858629999999997,0.2112422,0.20577396,0.20917793,0.22421831,0.047222305,0.5069246000000001,0.44256115,0.56908107,0.47765870000000005,0.5052456,0.5196609999999999,0.60606635,0.51396495,0.53394717,0.49692518,0.27553385,0.19468,0.30937654,0.23473668,0.57677025,0.33287567,0.20104059999999999,0.4037847,0.8239992,0.39198866,3.0,0.49036342,0.5147397,0.56299424,cluster2_pred,,3
0.5118596,0.03366234,0.039495707000000005,0.033683237000000005,0.039239727,0.042061158,0.1073713,0.55298436,0.52807736,0.65971476,0.5772821,0.564718,0.47368999999999994,0.4180206,0.41436622,0.48814273,0.48010957,0.08441658,0.09095888,0.36956669999999997,0.35285848,0.47188643,0.31038059999999995,0.26879326,0.16127399,0.81925863,0.258947,3.0,0.5139661,0.60998255,0.5639445,cluster1_pred,2.0,1
0.4888298,0.10609649,0.107416354,0.10778637,0.10624911,0.113888666,0.07797964,0.51021457,0.53228307,0.656625,0.59436035,0.5802723000000001,0.57850385,0.53934044,0.5542069000000001,0.6060648,0.6090291,0.1059869,0.11199722,0.55074257,0.5393775,0.5462941,0.5857502,0.47207755,0.28121608,0.49138528,0.051968277,3.0,0.5015049,0.5550462,0.5699493,cluster2_pred,,1
0.56285435,0.10008536,0.09993611,0.09216959,0.09538272,0.102240965,0.048867647,0.4789598,0.51125455,0.61439794,0.5440743,0.5043307,0.5150639,0.4908125,0.5099408,0.5173795999999999,0.49879357,0.14918903,0.12327078,0.33984086,0.293744,0.5254809,0.23064183,0.15304226,0.12181038,0.8077002,0.23887812,3.0,0.5076395,0.58210254,0.57057184,cluster1_pred,2.0,3
0.5365345,0.09948424,0.10023532,0.10043729,0.099306695,0.10644708,0.048470106,0.50856966,0.5042449999999999,0.61233807,0.5583062,0.5573983,0.5729873000000001,0.5261975,0.53207386,0.60898846,0.6239763,0.1012991,0.11117303,0.54107714,0.5231207,0.556879,0.48994198,0.0,0.21389236,0.5503339,0.08026314,3.0,0.50805044,0.606574,0.5381817,cluster1_pred,2.0,3
0.5447594,0.13044158,0.13045552,0.12952738,0.12918927,0.13847828,0.07318201,0.5069247,0.54209644,0.65868485,0.5858211999999999,0.5702078,0.5913757,0.55854946,0.5622554,0.60411566,0.6221079,0.13211136,0.115945235,0.52711886,0.5013469,0.5682338,0.53328943,0.35438883,0.23994952,0.62157774,0.09140498,3.0,0.50567937,0.5713002,0.5732854,cluster2_pred,,1
0.55560744,0.7301529999999999,0.72909755,0.71290874,0.70843625,0.7399209,0.05391749999999999,0.3826304,0.16254728,0.31643295,0.35827702,0.36513323,0.3507995,0.28725615,0.30915046,0.32229406,0.35029915,0.8087622,0.80349267,0.56701225,0.647219,0.34274504,0.34435746,0.15718451,0.3826352,0.93547344,0.4904919,3.0,0.48548788,0.57636625,0.51706064,cluster1_pred,2.0,1
0.48718240000000007,0.83337164,0.82902294,0.8412451999999999,0.8318011000000001,0.8748734,0.008118365,0.48565504,0.5728441,0.68818957,0.6219468,0.6661566,0.6548887,0.6825541,0.69607335,0.78289753,0.75978494,0.8512165999999999,0.76543677,0.63403857,0.6082063,0.6195614,0.6811773,0.9007295,0.9269162000000001,0.9500446,0.35480252,3.0,0.51078004,0.51546043,0.52246064,cluster2_pred,,2
0.5151496,0.14607053,0.1603765,0.14881867,0.15846813,0.16986236,0.18198283,0.57765925,0.6079859000000001,0.70400167,0.6541344,0.655299,0.6520574,0.62325335,0.617588,0.6333525,0.6398577,0.15018086,0.13149498,0.5003417,0.4456803,0.62208784,0.6465624,0.8018878,0.72507817,0.680595,0.12668888,3.0,0.49927115,0.47301078,0.58482844,cluster2_pred,,3
0.29073194,0.6243751999999999,0.64728904,0.6233920000000001,0.6507518,0.65872777,0.06642758,0.63956666,0.65484303,0.86624897,0.81503683,0.7391911,0.7954449,0.7377676,0.67419475,0.67570215,0.62216866,0.6734369,0.5606279000000001,0.41687572,0.33457696,0.64591205,0.585819,0.9178506,0.6967444,0.95636445,0.54210436,2.0,0.5268755,0.52716565,0.6083104,cluster2_pred,,1
0.49949706,0.7253191,0.7324944999999999,0.73927134,0.736993,0.7671275,0.022880789,0.56452316,0.5465036,0.6697469,0.6067547,0.6308142,0.6220557,0.5651364000000001,0.6004186,0.60274786,0.6208264,0.7469869,0.70394415,0.7134331,0.75755084,0.49613464,0.770433,0.6343432,0.59845567,0.94568664,0.27112833,3.0,0.48296404,0.5204739,0.5205394,cluster2_pred,,2
0.59904414,0.41687205,0.42068914,0.4234902,0.42227983,0.45264277,0.042214632,0.53488946,0.51826406,0.6442659000000001,0.59910434,0.5793574,0.5150639,0.4685706,0.4324751,0.45500758,0.5408326,0.45322266,0.45726153,0.48203522,0.45936278,0.5394963,0.45558009999999993,0.29029542,0.17947343,0.90244913,0.29004240000000003,1.0,0.51768523,0.5815632,0.5447442,cluster1_pred,2.0,2
0.46943440000000003,0.6511041,0.65436584,0.65960425,0.6561776,0.6538338,0.02753397,0.51726604,0.5848013000000001,0.7031310000000001,0.6401616,0.6408461999999999,0.63910943,0.63349867,0.6556927,0.71934783,0.76591843,0.6545637,0.59578544,0.61662924,0.5690321999999999,0.66145736,0.73279405,0.78588414,0.74422115,0.9692879999999999,0.27795592,3.0,0.5012963,0.5170521,0.554915,cluster2_pred,,1
0.43928865,0.6081674,0.6107724,0.60890704,0.6164838,0.638925,0.03097633,0.5597773,0.47193789999999997,0.6055166999999999,0.5875587,0.62391055,0.62779367,0.6595305,0.6877818,0.7214037,0.7695947,0.5904755,0.62989825,0.721075,0.69317645,0.6659994,0.73321706,0.5731451,0.7501284,0.93548805,0.36901453,2.0,0.46553063,0.5101276,0.5324143,cluster2_pred,,1
0.5718268,0.6058925999999999,0.6136031,0.61557007,0.6159126,0.63833255,0.041614566,0.58236873,0.58103913,0.74319166,0.6996201,0.6951164000000001,0.74312025,0.76968217,0.7034405,0.72318834,0.7430796,0.5757478,0.56486887,0.6845210999999999,0.62563145,0.72002316,0.81927735,0.9367344000000001,0.9007719000000001,0.93702924,0.36310473,3.0,0.47493997,0.48979133,0.5743451,cluster2_pred,,3
0.51514965,0.09738035,0.09694401,0.093394436,0.092062436,0.09868194,0.055013335999999996,0.47731483,0.48461834,0.6267571,0.5696916999999999,0.56197315,0.559196,0.53529644,0.5310678000000001,0.56903136,0.5520429,0.11240841,0.10606698,0.50964576,0.50390095,0.51364774,0.29189268,0.32517642,0.33630654,0.5556468000000001,0.061723262,3.0,0.5100624,0.5354312,0.56844175,cluster2_pred,,3
0.5909032,0.57063335,0.57878494,0.5793578,0.5810735,0.5767912,0.020125745,0.51868075,0.45531198,0.6007309000000001,0.5466646,0.55547726,0.54042417,0.51517284,0.5228702999999999,0.6324981,0.64149934,0.6657341,0.56100506,0.38556278,0.34478912,0.5350852,0.36649990000000005,0.3507263,0.48474708,0.954664,0.44309208,1.0,0.530703,0.5127056,0.5357574,cluster2_pred,,2
0.49540973,0.0249462,0.024834422000000002,0.025109325,0.025656745,0.027501522999999996,0.103824645,0.5102146,0.51686215,0.642206,0.58392364,0.5711227,0.5683902,0.53630745,0.5471646,0.563184,0.54550356,0.031203913,0.04006856,0.5251416,0.5190818,0.5217935,0.42754380000000003,0.19687639,0.14340472,0.24416114,0.041884363,3.0,0.50227076,0.6034017,0.54170334,cluster1_pred,2.0,3
0.48917508,0.48191658,0.48140725,0.47390753,0.46941692,0.4815973,0.042624597,0.43397582,0.46346235,0.6077414000000001,0.5677511,0.5148035,0.53732526,0.507297,0.5251274,0.63450617,0.66045034,0.5281640000000001,0.45517528,0.40675125,0.34065100000000004,0.60368043,0.38947129999999996,0.43848175,0.49667773,0.916768,0.32350287,3.0,0.532362,0.51360196,0.5654173,cluster2_pred,,2
0.5250196,0.13765493,0.1388334,0.13963234,0.13945195,0.14947887,0.051465236,0.49869972,0.51686215,0.64529574,0.6000531,0.6077210999999999,0.5959728,0.5909014,0.5954549,0.6362762,0.6473313,0.12930429,0.12863354,0.6150989,0.6150051,0.55109227,0.7629279,0.6433036,0.6575310000000001,0.52347416,0.11014162,3.0,0.49500898,0.47368205,0.5748524,cluster2_pred,,3
0.6121038000000001,0.7196321,0.7322114000000001,0.73202884,0.7384208000000001,0.7739683,0.022800182999999998,0.66082525,0.58303815,0.7376099,0.65783167,0.691279,0.6544818,0.6463658,0.62938225,0.6190193,0.6355970000000001,0.78947425,0.69153476,0.46560377,0.44368422,0.52989197,0.55756944,0.75935566,0.6565262,0.9351427,0.35302457,1.0,0.5284574,0.5013798,0.5374044,cluster2_pred,,3
0.52384585,0.85299164,0.8502535,0.8635520000000001,0.8526475,0.8968075999999999,0.014929991,0.50551426,0.5116547,0.68340737,0.6941983,0.65511084,0.64635044,0.6140158,0.67365074,0.7068738,0.7051284999999999,0.8530325999999999,0.80026376,0.6793295,0.6531875,0.64195955,0.72490954,0.8057205,0.791966,0.9493315999999999,0.3341335,3.0,0.5006904,0.51913345,0.5168328,cluster1_pred,2.0,3
0.40493524,0.17221895,0.18580936,0.17331558,0.18684147,0.20027581,0.15780686,0.5941091,0.53508687,0.6555949999999999,0.5744357,0.58210224,0.6014893,0.55349445,0.5049106,0.54954016,0.56699014,0.19939813,0.20524038,0.57650226,0.6149458000000001,0.44367355,0.56183183,0.4171567,0.28483185,0.8394389000000001,0.24173035,2.0,0.50883317,0.6105522,0.5506135,cluster1_pred,2.0,1
0.5056564,0.9664468,0.9660310999999999,0.9521997,0.9403165000000001,0.94240403,0.032305892999999995,0.39055938,0.5447979000000001,0.69197327,0.53178596,0.5581859,0.57309335,0.5502252,0.5515389,0.6176884,0.5728350999999999,0.9973519000000001,0.89865667,0.6635223000000001,0.7210462,0.44129940000000006,0.56536794,0.47440407,0.41159162,0.9883329,0.6592206,3.0,0.51630485,0.4751117,0.5347132,cluster2_pred,,3
0.50856966,0.89848745,0.8972439,0.8899146000000001,0.8963392,0.8982752,0.022998665,0.39930284,0.43367570000000005,0.6049256,0.5900231,0.47098090000000004,0.41790550000000004,0.33481583,0.41380107,0.44031602,0.45316112,0.9993563,0.9754142,0.5026212,0.5603873,0.36370808,0.42990187,0.37695417,0.30118588,0.98826814,0.61438286,3.0,0.53553325,0.50863075,0.552806,cluster2_pred,,1
0.4641549,0.11661597,0.11788871,0.11360439,0.1171155,0.12553638,0.07633257,0.5135046,0.48321646,0.58453,0.53743273,0.57569754,0.58769804,0.54540646,0.6024973000000001,0.59729373,0.6099633000000001,0.116763376,0.10655682,0.49334657,0.42755747,0.64442044,0.47739887,0.29924586,0.5679379,0.8377722,0.21270415,3.0,0.508941,0.49943724,0.55949557,cluster2_pred,,1
0.46579993,0.19626348,0.19897458,0.19352552,0.19046359999999998,0.20415838,0.056320366,0.46250987,0.45097262,0.5515723000000001,0.5194055999999999,0.5244598,0.52609694,0.4432955,0.43046296,0.42674527,0.47076759999999995,0.25302252,0.25376737,0.31724432,0.25041035,0.5625218000000001,0.29442665,0.033920072,0.1616576,0.8130675,0.34785536,3.0,0.49607044,0.5844981,0.53907853,cluster1_pred,2.0,1
0.37453485,0.8256941999999999,0.82958907,0.8261809000000001,0.81809396,0.8197599,0.018345483,0.43426824,0.47340587,0.5985402,0.5488478,0.47665352,0.47734824,0.4565897,0.37816048,0.43686342,0.45398858,0.9040219,0.8709851000000001,0.40471667,0.3785828,0.5104681,0.35268778,0.1735824,0.16244395,0.98646355,0.5344416000000001,2.0,0.54733527,0.50650895,0.502906,cluster0_pred,3.0,1
0.56614435,0.24856032,0.2510371,0.24466279999999996,0.24298446,0.2604556,0.0557749,0.44441497,0.61779916,0.7143009,0.68449575,0.6745131,0.6741234,0.6545943000000001,0.700084,0.7122921,0.721133,0.21306723,0.18017578,0.5472696,0.44927847,0.7445554,0.63967437,0.79387575,0.77765447,0.82260925,0.33756006,3.0,0.48355055,0.4378594,0.6186282,cluster2_pred,,3
0.51008135,0.6852259,0.6922979,0.69378865,0.69672805,0.7251883000000001,0.021223314,0.5206678,0.51170737,0.6403955,0.5849493,0.57950497,0.59585387,0.5446898,0.5199547999999999,0.60185194,0.60966176,0.6794475999999999,0.7084989,0.7781286999999999,0.81210953,0.55050296,0.8169390999999999,0.58953565,0.58949643,0.94575137,0.29226515,3.0,0.47247943,0.53903925,0.5240592,cluster1_pred,2.0,3
0.46421883,0.45831558,0.48055798,0.45681536,0.48226744,0.49015123,0.093251705,0.589879,0.56095815,0.6515661,0.6105486999999999,0.6420355,0.40884814,0.47233593,0.5435741999999999,0.5912613,0.55165476,0.5587614000000001,0.5478875,0.22047946,0.10611801,0.6258835,0.39883327,0.41512766,0.23013327,0.9191674999999999,0.5988396,3.0,0.56013423,0.55608743,0.5591335,cluster0_pred,3.0,1
0.4935087,0.56778985,0.5756710999999999,0.5773299,0.5759333000000001,0.59686005,0.02438601,0.5386922,0.59515876,0.7545071999999999,0.722206,0.71773505,0.6951378,0.69933313,0.7135729999999999,0.7383571999999999,0.710577,0.56256413,0.5198575,0.5722395,0.49540922,0.70767295,0.7317686,0.9360364,0.887441,0.93513083,0.32931563,3.0,0.49675322,0.48973933,0.5870267,cluster2_pred,,1
0.49705476,0.106697604,0.10711715,0.10717395,0.108060166,0.11582995,0.0871846,0.50856966,0.48461834,0.61645776,0.5658966,0.54550385,0.55092126,0.51103246,0.4998803,0.5183541,0.5202800999999999,0.13161811,0.13038653,0.49258209999999997,0.48848256,0.5016813,0.30206308,0.102520704,0.08353094,0.58306044,0.0908708,3.0,0.50321007,0.6195543,0.5362212,cluster1_pred,2.0,2
0.5236309,0.5294028000000001,0.5312284,0.52923995,0.52995706,0.54916656,0.021549204,0.5025449000000001,0.46680370000000004,0.62626225,0.5771341999999999,0.5702969,0.57223547,0.5789991,0.6159347,0.64823663,0.622478,0.57114077,0.50344086,0.4766665,0.42885733,0.59493893,0.46835363,0.48674005,0.64978856,0.92889476,0.34424633,3.0,0.5085837,0.50690746,0.55256253,cluster2_pred,,3
0.51350456,0.12412989,0.12357369,0.12401556,0.12285054,0.13168378,0.03861828,0.5036347,0.50704885,0.63602644,0.6019507,0.6013164000000001,0.60056996,0.5504614999999999,0.56124926,0.61970866,0.6277130999999999,0.13159673,0.12986694,0.52296865,0.49977604,0.5602939,0.508935,0.6082329000000001,0.68220615,0.49860582,0.11046238,3.0,0.4978381,0.4499409,0.57998884,cluster2_pred,,1
0.59982556,0.6758424,0.6806918000000001,0.68046254,0.68102187,0.68941456,0.021045922999999998,0.53800696,0.4842486,0.66443175,0.5764829,0.56972605,0.61363626,0.63916624,0.5841774000000001,0.60786057,0.565268,0.71132225,0.6981955,0.62469864,0.6522291,0.49193424,0.58697546,0.6011148000000001,0.64943427,0.96845645,0.44000086,1.0,0.48268178,0.50319415,0.5279308,cluster2_pred,,2
0.6386644,0.4676991,0.46838582,0.45594627,0.46998805,0.47764805,0.06625135,0.51152635,0.32031932,0.54419684,0.41613784,0.44468984,0.5327907,0.46415886,0.5399578,0.60877836,0.5709648,0.49199350000000003,0.533406,0.60172236,0.59965855,0.5492347,0.5022886999999999,0.27184805,0.39863467,0.9051386,0.58922035,1.0,0.4740324,0.54093856,0.4994592,cluster1_pred,2.0,3
0.5192277,0.6963155,0.6971101,0.7047972,0.7010116,0.7347383000000001,0.0123367375,0.49029925,0.45328197,0.575554,0.5524507,0.55070025,0.53891796,0.5165159,0.49357337,0.5297145999999999,0.5655873,0.7620182,0.75393325,0.49397334,0.49012882,0.5017588,0.43360376,0.30772978,0.39318305,0.9368076999999999,0.3671682,3.0,0.51922977,0.5074955,0.5072685,cluster0_pred,3.0,3
0.5677036999999999,0.533668,0.552459,0.5402485,0.54394984,0.5529581,0.077973,0.54996425,0.6315123,0.7394978,0.7444201,0.7217965999999999,0.79802775,0.7967013000000001,0.6583998999999999,0.73139584,0.65660083,0.5135666,0.44674167,0.66973084,0.62873155,0.6716532,0.68254375,0.90879816,0.9425128,0.9133220999999999,0.5466733,3.0,0.4764532,0.46398297,0.5873446,cluster2_pred,,2
0.59705067,0.5154697,0.51820695,0.51852113,0.5191055,0.5355338000000001,0.035318356,0.54906154,0.52197415,0.732436,0.691349,0.7029711,0.7013686,0.72823036,0.7395374,0.7872468,0.7577244000000001,0.4966359,0.45668474,0.61992234,0.5504599,0.713497,0.7472411999999999,0.88836366,0.9465763,0.93144226,0.27441174,1.0,0.4793545,0.46624163,0.58338284,cluster2_pred,,3
0.47456703,0.46798345,0.49895784,0.47651488,0.49711686,0.50527143,0.090799436,0.5913574,0.51686215,0.63768244,0.49032128,0.48333690000000007,0.42289499999999997,0.31787682,0.385169,0.37060878,0.32279605,0.6668849,0.52540934,0.11859814,0.13140014,0.28362709999999997,0.20950961,0.22841585,0.18713678,0.94411355,0.51963764,3.0,0.5686474,0.55971366,0.50584155,cluster0_pred,3.0,3
0.5298284000000001,0.4490316,0.44731882,0.44431257,0.43888128,0.46755820000000003,0.045620013,0.46768728,0.509894,0.6954526,0.6565613,0.66668653,0.6873024,0.66709965,0.6532839,0.6718984,0.6842366999999999,0.43849358,0.40245637,0.41138285,0.25437295,0.8157079,0.52355784,0.84793836,0.8987457,0.9082929,0.343384,3.0,0.5123653,0.47525758,0.6144722,cluster2_pred,,2
0.5266645000000001,0.09317256,0.09305429,0.09370065,0.09266613,0.09932904,0.060077347,0.5069246000000001,0.48321646,0.6298469,0.57917964,0.56929284,0.5831009,0.56158245,0.5642674,0.59631914,0.5912793000000001,0.10561664,0.1001155,0.48473087,0.44871086,0.57159156,0.341408,0.44094887,0.6126473000000001,0.5550795999999999,0.06549471,3.0,0.50885695,0.47063866,0.57647294,cluster2_pred,,2
0.41648698,0.4625808,0.47857648,0.468693,0.48112515,0.49133775,0.046185699999999996,0.5442145,0.41054082,0.47957609999999995,0.43162727,0.4374487,0.445392,0.44819984,0.42430055,0.49586558,0.3997611,0.54249215,0.5525246,0.56014884,0.6289616,0.36575517,0.44370744,0.1497636,0.36429570000000006,0.9130191999999999,0.51832557,2.0,0.48063946,0.54693514,0.4982432,cluster1_pred,2.0,3
0.49705470000000007,0.08415585,0.08527483,0.08512673,0.08572371,0.09188745,0.09804818,0.5184396,0.51125455,0.642206,0.60384834,0.60497624,0.60240877,0.5848354,0.59545493,0.6236069000000001,0.6258446999999999,0.078511044,0.07147919999999999,0.5720845999999999,0.5584208,0.5618171,0.6994973000000001,0.6196554,0.7356798000000001,0.3915416,0.05638277,3.0,0.5027396,0.4629024,0.56902385,cluster2_pred,,3
0.49540973,0.033962900000000004,0.032913093,0.033070817999999995,0.03259916,0.034943115,0.052771974000000006,0.5069246000000001,0.49302977,0.6267571,0.5858211999999999,0.5802723000000001,0.5803427,0.5504614999999999,0.56124926,0.5982683000000001,0.60809493,0.03606148,0.031312525,0.52108437,0.49796358,0.55922604,0.42002,0.38774985,0.5951964,0.2414889,0.02490772,3.0,0.5076847,0.48249322,0.56638396,cluster2_pred,,3
0.5102146,0.0024044525,0.0014960498999999998,0.0,0.0,0.0,0.3313703,0.49540973,0.49723548,0.6298469,0.57253814,0.5711227,0.56103486,0.5251865,0.5300618,0.56415856,0.53896415,0.019451652,0.02047151,0.47913602,0.46857655,0.51015276,0.19995229,0.09218779,0.12318169,0.012421908,0.031819057000000005,3.0,0.501059,0.64859116,0.49777606,cluster1_pred,2.0,2
0.49969974,0.5154697,0.5142439,0.48057064,0.49883026,0.507016,0.27947140000000004,0.35186467,0.37449467,0.4682978,0.3641239,0.42232326,0.37419990000000003,0.2582809,0.20425767,0.24157527,0.22334775,0.6897163000000001,0.5791542,0.1794034,0.22985233,0.22585274,0.144155,0.10518515,0.0798918,0.9478116,0.51952404,3.0,0.55988735,0.59746045,0.4554693,cluster1_pred,2.0,2
0.50527966,0.16470504,0.16665992,0.16749756,0.16722160000000003,0.17924523,0.054594707,0.5118596,0.4860202,0.6082184,0.56399894,0.5555684000000001,0.5647125,0.55753845,0.5582311,0.5709805,0.5623191,0.19182307,0.16111088,0.48677632,0.46615532,0.5370315999999999,0.3666942,0.2361724,0.48480716,0.70155984,0.11898483,3.0,0.50151396,0.51774275,0.55869377,cluster2_pred,,2
0.49047476,0.07423749,0.07480247,0.074103124,0.07455548,0.07991619400000001,0.062123407,0.5118596,0.52246976,0.6308768,0.5744357,0.56014323,0.5683902,0.5140655,0.5099408,0.5300489,0.54643774,0.09429345,0.09095874400000001,0.46381579999999994,0.4407572,0.5316648,0.3198395,0.25812623,0.16081381,0.43530512,0.10120278,3.0,0.5038729,0.5800943,0.5559456,cluster1_pred,2.0,2
0.48480633,0.52798104,0.537173,0.53735155,0.53566843,0.5471326,0.026636906000000002,0.5546116,0.49534512,0.6413764,0.59010476,0.5778828,0.58817124,0.5084443000000001,0.53075695,0.5938686,0.6239393,0.5578331999999999,0.52161026,0.5902284999999999,0.6000357,0.51633465,0.57032204,0.3243267,0.32207199999999997,0.9249685,0.34446305,3.0,0.49705982,0.5506355,0.5381879,cluster1_pred,2.0,1
0.47073486,0.113309845,0.11968397,0.11421681,0.12134131,0.13006604,0.10560404,0.57436925,0.56452686,0.6792834,0.6076435,0.6068061,0.5831009,0.58989036,0.58137023,0.6275050999999999,0.6548049,0.121071555,0.12214476,0.52739865,0.5056508,0.5590803000000001,0.5827922,0.4326647,0.2910041,0.7864165,0.17333095,3.0,0.5097819,0.5751531,0.5754563,cluster2_pred,,2
0.42353427,0.5157552,0.5203260000000001,0.50708586,0.50226855,0.5351026999999999,0.10469831,0.3810171,0.14336671,0.38624805,0.29342890000000005,0.29012612,0.2595504,0.15151446,0.17722748,0.27855837,0.34062037,0.62662333,0.6189161,0.47368240000000006,0.5689943000000001,0.2632016,0.28994218,0.104367465,0.10844569,0.9327701999999999,0.52573377,2.0,0.49961704,0.59569305,0.48329827,cluster1_pred,2.0,3
0.4789598,0.09407423,0.09574717,0.093088225,0.09538272,0.102240965,0.07056506,0.52008456,0.50704885,0.66692424,0.60005313,0.60040146,0.6253941999999999,0.5595604000000001,0.555213,0.57098055,0.58754253,0.11871897,0.099218935,0.47244078,0.4557998,0.52098286,0.430875,0.72633624,0.6846380999999999,0.46373156,0.138664,3.0,0.5001372,0.4438833,0.5844636,cluster2_pred,,2
0.4806048,0.15388499,0.15469153,0.1518808,0.15273309,0.16371496,0.12869516,0.50198966,0.49863738,0.61233807,0.5421767,0.53726923,0.54172707,0.48879048,0.48277748,0.5290743,0.5352273,0.18555662,0.17351283,0.46318459999999995,0.44971275,0.50923735,0.2451759,0.33100447,0.24704789,0.6843423000000001,0.13573377,3.0,0.51428735,0.57246137,0.5558195,cluster1_pred,2.0,1
0.49540969999999995,0.06401856,0.064928554,0.061854675,0.063085414,0.0676214,0.112021886,0.49705473,0.50704885,0.61851764,0.5440743,0.5564834,0.5490824000000001,0.5231645,0.53106785,0.54954016,0.55951655,0.08770487,0.08033726,0.45545828,0.43037349999999996,0.5323399000000001,0.26794037,0.18183479,0.23608315,0.41964757,0.095275216,3.0,0.5097553,0.5769688,0.54392844,cluster1_pred,2.0,3
0.53159946,0.20287572,0.20465958,0.20546776,0.20314105,0.21774738,0.10953581,0.50527966,0.53228307,0.670014,0.6057459,0.5738675999999999,0.57850385,0.51608753,0.534086,0.57000595,0.5791347,0.19583851,0.21808739,0.6158404000000001,0.6283021,0.52247024,0.6547137,0.55823386,0.34421706,0.7563466999999999,0.19989307,3.0,0.5021517,0.56539583,0.57093495,cluster2_pred,,2
0.5069247,0.11120596,0.11010925,0.10931742,0.10987123,0.11777123,0.053633213,0.49211967,0.5070488000000001,0.63396657,0.5715893,0.57203764,0.57022905,0.5373184,0.5481706000000001,0.5817007,0.60435814,0.10767649,0.11679655,0.55959356,0.5448344,0.55836487,0.55480635,0.53084916,0.56053436,0.5699970999999999,0.06077915,3.0,0.5040786,0.48915595,0.5759747,cluster2_pred,,2
0.4871848,0.078445286,0.077495374,0.076552816,0.07576286,0.08121038,0.08570769,0.49211973,0.51265645,0.65971476,0.58677,0.5793574,0.5840204000000001,0.54945046,0.5391161999999999,0.5661076999999999,0.5810031,0.08133282,0.087400965,0.5409074,0.5362262,0.52615976,0.50579095,0.7600934,0.5476555999999999,0.35771284,0.05337344,3.0,0.5032654,0.47241324,0.5741184,cluster2_pred,,2
0.49705470000000007,0.11000372,0.12237685,0.110236056,0.12224685,0.13103668,0.27126867,0.59904414,0.56172305,0.713271,0.6712127,0.67359823,0.69894785,0.68694633,0.70109004,0.7425035,0.74448806,0.07871289,0.091134034,0.6251838000000001,0.5780463,0.66449237,0.93050146,0.8535739999999999,0.9335121,0.51825607,0.10354419,3.0,0.5022463,0.46204755,0.5687182,cluster2_pred,,3
0.43125507,0.33632287,0.33780798,0.32825848,0.32629344,0.34975470000000003,0.04462674,0.45757487,0.5252735,0.63396657,0.6759566,0.6360848000000001,0.65941274,0.5797804,0.59947914,0.6187341,0.6305156999999999,0.36320934,0.28179374,0.37534016,0.27957919999999997,0.6570961,0.43608811,0.77708757,0.71966594,0.8720544,0.33648690000000003,2.0,0.5135747,0.4604528,0.6156519,cluster2_pred,,3
0.45337040000000006,0.57376117,0.586711,0.57964754,0.57679003,0.591928,0.03540243,0.50558615,0.41641983,0.6152141,0.62110114,0.644252,0.6348849,0.61915886,0.69638705,0.7120798,0.72966343,0.57112056,0.5479938,0.6447397,0.6002495,0.66774523,0.6522031,0.6612627,0.8554892,0.9302111999999999,0.33441928,3.0,0.47580576,0.5069658,0.5453612,cluster2_pred,,1
0.5348895,0.06822635,0.069117494,0.0679789,0.067613065,0.07247461,0.11895254,0.50527966,0.48041263,0.6010089,0.54786944,0.54458886,0.5996505,0.5625934,0.5723158,0.59242094,0.6062265,0.08005894,0.063630946,0.48747808,0.448966,0.57865834,0.37722427,0.19479463,0.43327728,0.43492422,0.10246477,3.0,0.5107967,0.53757334,0.5487966,cluster2_pred,,2
0.51350456,0.220308,0.22201376,0.21741,0.21853511,0.23424829999999996,0.03224031,0.49705476,0.46218798,0.61336803,0.52889365,0.5308645000000001,0.54540473,0.5403515,0.52100736,0.49301553,0.4623598,0.23705162,0.26303917,0.54785097,0.55614567,0.49953708,0.48258084,0.26452807,0.33862767,0.83648825,0.32643405,3.0,0.4877716,0.55630445,0.5448724,cluster1_pred,2.0,2
0.4183901,0.41452587,0.41856468,0.39771685,0.40145203,0.40786272,0.1925682,0.37995297,0.49670398,0.40906018,0.34451240000000005,0.3937087,0.37910214,0.310608,0.33562264,0.41521773,0.19064137,0.5332478,0.50580925,0.16101763,0.100847706,0.47234732,0.28786245,0.1558122,0.3299258,0.8837007,0.6978309,2.0,0.51671046,0.5448988,0.49135333,cluster1_pred,2.0,2
0.5283095,0.063718006,0.06642460000000001,0.06491679,0.06550016,0.07020978,0.10717484,0.5102146,0.51686215,0.64014614,0.6123875,0.61412585,0.6281525,0.62022036,0.6196001,0.6596656999999999,0.6604101,0.051162172,0.05313438,0.5288020999999999,0.46872604,0.6482099,0.625937,0.76198137,0.83054566,0.38372964,0.09297984,3.0,0.50927883,0.41596764,0.5837479,cluster2_pred,,2
0.49705473,0.10098703,0.10023532,0.09829382,0.09689194,0.1038587,0.07401060000000001,0.48389477,0.49162787,0.6102781999999999,0.5573574,0.5555684000000001,0.5748262,0.5555164,0.55018276,0.5787770000000001,0.6024897,0.10547628,0.110575326,0.5375373999999999,0.52395433,0.5450908,0.45102522,0.16477956,0.37096277,0.52524704,0.07343917,3.0,0.5077889,0.5572662,0.5538566,cluster1_pred,2.0,1
0.5069246000000001,0.09828202,0.09784164,0.09216959,0.09296797,0.09965259,0.10868324,0.4707349,0.5000393,0.63705635,0.5744357,0.5811873000000001,0.58677864,0.5595604000000001,0.5642674,0.5836498999999999,0.58567417,0.106910564,0.1001155,0.48389295,0.4466007000000001,0.5741265999999999,0.34523222,0.6239762,0.6960985,0.5580283,0.06948211,3.0,0.5081419,0.45320338,0.58169246,cluster2_pred,,2
0.51679456,0.10369205,0.10532189,0.101968355,0.10473989999999998,0.11227094,0.09618876,0.5036347,0.47760886,0.61439794,0.5478695,0.53726923,0.54080766,0.5191205,0.51195294,0.5456419,0.54550356,0.12312205,0.124211974,0.50717974,0.49873775,0.51869196,0.3019475,0.1660183,0.14466254,0.4916945,0.084144205,3.0,0.50329125,0.59960777,0.5415418,cluster1_pred,2.0,2
0.51350456,0.18574399,0.18431331,0.1766839,0.17446586,0.18701038,0.12892541,0.46744490000000005,0.47480506,0.63293666,0.58392364,0.6177857,0.6253943000000001,0.6030333999999999,0.59444886,0.6830552,0.6912387,0.16319363,0.15474096,0.56558496,0.512555,0.6495581,0.6036501999999999,0.81081206,0.94910026,0.775767,0.18869467,3.0,0.49437994,0.41873342,0.59045655,cluster2_pred,,1
0.50527966,0.09467534,0.09844006599999999,0.09676276,0.098703004,0.10579998,0.06475191,0.5332445,0.53508687,0.6494154999999999,0.5772821,0.5702078,0.5601154,0.53529644,0.54314035,0.59437,0.60809493,0.10530251,0.10862383,0.5281865,0.5176099000000001,0.5336755999999999,0.49923554,0.15801394,0.056492954000000005,0.5171869,0.070355885,3.0,0.50131506,0.6264076,0.543114,cluster1_pred,2.0,3
0.52995455,0.15027831,0.14930575,0.14606278,0.14548884,0.15594983,0.11933389999999999,0.4855398,0.49162790000000006,0.6308768,0.5592550000000001,0.55282354,0.53713,0.48171353,0.4847896,0.51543045,0.5296221999999999,0.16299847,0.17276108,0.5301912,0.53682613,0.49491274,0.39464468,0.119312346,0.07964865,0.6494521,0.12714684,3.0,0.50003874,0.6422559,0.5314594,cluster1_pred,2.0,2
0.5431144,0.14637107,0.14990416,0.14820625,0.15122388,0.16209723,0.07047579,0.52172965,0.52106786,0.6432359000000001,0.5801284999999999,0.5674629,0.56747085,0.5767474,0.5672856,0.60898846,0.6473313,0.15542473,0.13932471,0.5336184,0.5096893,0.56709224,0.5367662,0.24387185,0.28382856,0.6612764,0.12833472,3.0,0.5044186,0.57490367,0.56395936,cluster1_pred,2.0,2
0.49705473,0.09978481,0.100833744,0.10013108,0.09960853,0.10677063,0.085461825,0.50363463,0.51826406,0.6473555999999999,0.5763333,0.5793573000000001,0.57114846,0.5474284,0.5441464,0.57098055,0.58006895,0.12297368,0.10372830000000001,0.46981165,0.44763800000000004,0.53249294,0.2925763,0.39019412,0.33291453,0.57758,0.07567154,3.0,0.5100611,0.5380785,0.57104605,cluster2_pred,,3
0.4986997,0.004207792,0.0035905190000000003,0.0042869574,0.0042258166,0.0045296623999999995,0.22567669,0.5102146,0.51686215,0.6463257,0.5753845000000001,0.5628880999999999,0.5647125,0.5383295,0.50692266,0.5144559,0.5370957,0.020904643,0.023279112,0.48451394,0.47789708,0.5036282999999999,0.24665782,0.17607053,0.109490655,0.048049547000000005,0.035764172999999996,3.0,0.49692866,0.62851673,0.51730543,cluster1_pred,2.0,2
0.49047473,0.1199221,0.12297527,0.12064723,0.11953024599999999,0.12812476,0.07898707,0.51021457,0.5126564,0.627787,0.57253814,0.5583133000000001,0.5490824000000001,0.49182349999999997,0.5049106,0.53687084,0.5240169,0.14168346,0.13816254,0.52718765,0.54687095,0.46336064,0.3671587,0.14616868,0.15623431,0.5026963,0.103556745,3.0,0.4955672,0.61108375,0.53729224,cluster1_pred,2.0,1
0.49638927,0.73299646,0.7404205,0.74506533,0.7441321,0.7799576,0.01710346,0.54663336,0.6232619,0.7871796,0.73511106,0.7420906999999999,0.7397509,0.7439031,0.7570941,0.80032223,0.64427173,0.77061254,0.66143465,0.49930823,0.43487390000000004,0.64414793,0.6251727,0.90130794,0.90652686,0.93639755,0.44640905,3.0,0.52273625,0.4951701,0.5612557,cluster2_pred,,3
0.50363463,0.12833768,0.12806185,0.12585282,0.124661595,0.13362506,0.08503973,0.48389477,0.47901073,0.6360264,0.5706405,0.564718,0.5757456,0.56158245,0.5622554,0.6011920000000001,0.6202395,0.13284521,0.11484294,0.52389103,0.49708270000000004,0.5690803000000001,0.46559846,0.5048718,0.63890344,0.627366,0.09419858,3.0,0.5025443,0.4745592,0.57895744,cluster2_pred,,2
0.57436925,0.16380337,0.16336861,0.15831122,0.16178842,0.17342138,0.09004682,0.50527966,0.52667546,0.65456516,0.6361073,0.65072423,0.64837974,0.6434733,0.65782994,0.6811060999999999,0.6753573,0.14886822,0.13450597,0.5386407,0.47736093,0.6556982,0.6736905,0.8857049000000001,0.9163541,0.68657035,0.12555750000000002,1.0,0.4972834,0.40464187,0.59797055,cluster2_pred,,3
0.52187485,0.45604079999999997,0.46329045,0.44551712,0.44999838,0.45729402,0.13818412,0.58840054,0.6138738,0.75986093,0.7077548,0.69959474,0.74845076,0.8139644,0.774129,0.74716103,0.67591053,0.48432234,0.36492503,0.27661467,0.109179236,0.7752479,0.50662214,0.7956853,0.8671835999999999,0.88108605,0.63336194,3.0,0.514571,0.47406593,0.6234351,cluster2_pred,,3
0.45997623,0.6206494,0.62325424,0.6225275,0.61485636,0.64869016,0.023610864,0.44377790000000006,0.40366740000000007,0.51139665,0.44568262,0.39559337,0.33867526,0.30371459999999995,0.32653037,0.31037912,0.29990435,0.774878,0.6570924,0.2114889,0.219005,0.34029844,0.09634107,0.04802589,0.117205374,0.94288105,0.40411535,3.0,0.5605058,0.5348911,0.46091405,cluster0_pred,3.0,2
0.5003447,0.07423749,0.07599932,0.07440933599999999,0.075461015,0.08088683,0.5636266,0.5151496,0.52106786,0.63705635,0.5810773,0.57752746,0.5922951,0.56158245,0.56024325,0.59242094,0.6155685000000001,0.07362674,0.07174832,0.5233782,0.49219182,0.5789386999999999,0.50697714,0.30322940000000004,0.43626878,0.4344168,0.07312295,3.0,0.49208346,0.65949744,0.504907,cluster1_pred,2.0,2
0.58100873,0.40059277,0.4126201,0.39597866,0.41401696,0.42065674,0.10339273,0.5337021,0.5395401999999999,0.7108047,0.7171345,0.66752625,0.62037694,0.5204915,0.5905895,0.41521809,0.40557054,0.49987206,0.41762513,0.16872783,0.05550109599999999,0.5984883000000001,0.38909429999999995,0.8485507999999999,0.64086515,0.88643485,0.6335469,1.0,0.52211237,0.54537535,0.6147625,cluster2_pred,,3
0.49869972,0.13855661,0.14092788,0.13963234,0.14065933,0.15077306,0.08293445,0.52995443,0.547704,0.6586848000000001,0.5896164,0.57478255,0.5628736999999999,0.53630745,0.5632614,0.5875481,0.6127659000000001,0.15378995,0.14842902,0.4716303,0.43070870000000006,0.5766319999999999,0.4220464,0.35862592,0.20625214,0.6654300999999999,0.11048867,3.0,0.5085927,0.57172453,0.5717454,cluster2_pred,,1
0.5055145999999999,0.83934295,0.8542165999999999,0.8539919,0.8537898000000002,0.8980094999999999,0.025889207,0.5788415,0.68220365,0.73027396,0.6536671,0.6338684,0.68648076,0.6759818,0.675519,0.7584612,0.74503624,0.85086507,0.78449535,0.6601889,0.63349867,0.63406116,0.7320698,0.64560306,0.59755385,0.94959986,0.36049053,3.0,0.51719475,0.4888141,0.5165715,cluster0_pred,3.0,2
0.60276985,0.5945186,0.59265554,0.58573115,0.57736117,0.5843267,0.06117405,0.42025680000000004,0.34626743,0.48823246,0.38383314,0.36356905,0.33092427,0.31369314,0.29908994,0.36299947,0.48977570000000004,0.68440616,0.662254,0.37327892,0.37359762,0.43436724,0.30584878,0.035502393,0.06875564,0.9411613000000001,0.47672370000000003,1.0,0.522708,0.55323875,0.47966018,cluster1_pred,2.0,3
0.15820004,0.48504436,0.48706874,0.4741973,0.47370039999999997,0.48142803,0.09378359,0.46421883,0.54835916,0.6478636,0.5679145999999999,0.58036464,0.6203766,0.33968246,0.45135185,0.5509728,0.5743227,0.5518616999999999,0.53972346,0.23182012,0.11524965599999999,0.63641113,0.37918887,0.5695944000000001,0.38684687,0.91534567,0.593023,2.0,0.55460495,0.5527471,0.5813383,cluster2_pred,,1
0.44836125,0.5842821,0.5855538,0.5894567,0.5870867,0.6223183000000001,0.020133546000000002,0.5573874,0.5404375,0.61470884,0.7350526,0.59476364,0.66314733,0.69257337,0.82004464,0.8672392,0.86220944,0.60800713,0.5051432,0.421108,0.26749435,0.8125256999999999,0.55033594,0.76231927,0.7997593000000001,0.93665636,0.6743279000000001,3.0,0.51491296,0.47386488,0.58984286,cluster2_pred,,3
0.41699246,0.982086,0.9835816999999999,0.9678434000000001,0.95402366,0.9539687,0.052593138,0.41408268,0.56517476,0.68328065,0.68559235,0.73480576,0.62058103,0.68463403,0.614169,0.6352993,0.63677037,0.9758015999999999,0.8558328000000002,0.7733767,0.84788287,0.45469952,0.64565074,0.8026736999999999,0.81997013,0.9918895000000001,0.8252238000000002,2.0,0.4878905,0.4695689,0.50996816,cluster2_pred,,3
0.50034463,0.12082376,0.12267607,0.12248451,0.12405791,0.13297796,0.07982693,0.5464044,0.55331165,0.6813431999999999,0.6370561,0.6443194999999999,0.6456215,0.6262863000000001,0.62664247,0.6577166,0.6613443,0.11730741,0.101581015,0.5312399999999999,0.49079344,0.6040741999999999,0.71989226,0.905228,0.9190347,0.49153640000000004,0.06880675,3.0,0.50281036,0.40638456,0.5865565,cluster2_pred,,3
0.32541683,0.5845826,0.5921364,0.59221256,0.59433097,0.63320297,0.022285346,0.526558,0.59908676,0.7077388000000001,0.6216626999999999,0.6876065,0.6955281999999999,0.75252795,0.71429104,0.83078456,0.8520515,0.5853741,0.52567494,0.56812185,0.46864449999999996,0.7579686,0.6395271,0.87690884,0.8818589,0.9437639999999999,0.5656415,2.0,0.49796718,0.47906795,0.5836763,cluster2_pred,,2
0.46908987,0.08625975,0.08527483,0.08420809,0.08361080000000001,0.08962262,0.117975734,0.48718476,0.49302977,0.61233807,0.5336375,0.519885,0.52609694,0.48373553,0.49082586,0.53589624,0.5483061,0.10768986,0.10352938,0.50728136,0.51290715,0.48627377,0.26235053,0.07643871,0.036577597,0.46434072,0.061991483,3.0,0.50760716,0.63813776,0.5274345,cluster1_pred,2.0,2
0.36928666,0.6664589,0.6713503000000001,0.6625013000000001,0.6587476999999999,0.6641644,0.01899264,0.4484579000000001,0.43314734,0.5459333000000001,0.43360659999999995,0.43358505,0.41930965,0.3081596,0.39669997,0.43236488,0.32063484,0.80797684,0.73071265,0.28650704,0.31338844,0.33152074,0.32728850000000004,0.12523143,0.10902548,0.9587277,0.7119295,2.0,0.53818285,0.50905085,0.4834752,cluster0_pred,3.0,2
0.5102146,0.0748386,0.07540089999999999,0.07532797,0.07666839,0.08218102,0.07796404,0.5299545,0.52527356,0.642206,0.58392364,0.5939966999999999,0.61160296,0.5878684000000001,0.5692977,0.5875481,0.5968845,0.07373903,0.06850554,0.5125546,0.47383103,0.59115195,0.52244985,0.6094151999999999,0.69440687,0.44284666,0.08768841,3.0,0.50475645,0.4540365,0.5753078,cluster2_pred,,2
0.49679497,0.62011003,0.62124616,0.62281257,0.6179116,0.6254354,0.024707565,0.43644726,0.38138962,0.55661076,0.5026246,0.49768254,0.41866484,0.3804489,0.34653074,0.40642732,0.3588039,0.72224474,0.7027895000000001,0.45189589999999996,0.5128824000000001,0.33199054,0.32315433,0.19810005,0.25397664,0.96658975,0.4415397,3.0,0.5112732,0.53249115,0.4975855,cluster1_pred,2.0,2
0.50856966,0.6570168000000001,0.67501754,0.6583542,0.67009383,0.7103344,0.039897,0.7477758000000001,0.6513803000000001,0.70232755,0.7181585,0.6870831000000001,0.689523,0.75657934,0.6807167,0.6917814,0.71619767,0.63674486,0.59456855,0.51000684,0.37428787,0.8137876,0.62079114,0.49782082,0.5890013000000001,0.9387360999999999,0.64280725,3.0,0.5133805,0.51910996,0.5521496,cluster2_pred,,3
0.50100875,0.5976465,0.5952033,0.593553,0.5910683000000001,0.61513484,0.014924502,0.50509197,0.5472705,0.68537825,0.61508846,0.6119235,0.6224829000000001,0.61573875,0.6571004,0.66937524,0.69235086,0.610483,0.5459662,0.5594129,0.518169,0.61940235,0.6114082,0.66242445,0.73981375,0.9313644,0.28974244,3.0,0.5020003,0.51146215,0.55522853,cluster2_pred,,2
0.5414694,0.17883120000000002,0.17982516,0.1766839,0.17989905,0.19283423,0.104821965,0.5365345,0.51125455,0.6525053000000001,0.6076435,0.6031463,0.5913757,0.5767474,0.55219483,0.5709805,0.6202395,0.19190861,0.1881995,0.5311621999999999,0.5198157,0.53687716,0.5412373,0.66365635,0.6134778000000001,0.82024306,0.20764196,3.0,0.50006014,0.48601595,0.5790376,cluster2_pred,,2
0.47895977,0.11932099,0.11968397,0.120034814,0.11983210000000001,0.12844831,0.08671685,0.5135046,0.50424504,0.6164578000000001,0.5450231,0.53269446,0.53529114,0.52821946,0.5330799,0.585599,0.5912793000000001,0.13264069,0.1385479,0.5217369000000001,0.51065075,0.5317638000000001,0.41129375,0.025645382999999997,0.05123135,0.59808826,0.09514285,3.0,0.501328,0.6391137,0.52921635,cluster1_pred,2.0,3
0.5184396,0.08625975,0.084975615,0.084514305,0.08391265,0.089946166,0.13039654,0.49211973,0.5070488000000001,0.656625,0.60479707,0.5939966999999999,0.6014893,0.5838244,0.58539444,0.6128866999999999,0.6202395,0.07806325,0.07028085,0.5709506999999999,0.5573694,0.5610837,0.6716371,0.70140254,0.76208985,0.3892645,0.058625545,3.0,0.504614,0.45557797,0.57238066,cluster2_pred,,3
0.58728594,0.5498759,0.55217594,0.5480704000000001,0.5419509,0.5535591,0.059666805,0.39420867,0.5004071,0.6460252,0.61837286,0.5993607,0.6280161999999999,0.5641242,0.58343977,0.62202543,0.62140816,0.56444716,0.5224585,0.6020707,0.5943622,0.5624288000000001,0.5721701,0.6714588,0.67940557,0.92671514,0.3653284,1.0,0.49563393,0.51389915,0.55647236,cluster2_pred,,3
0.4150026,0.54731673,0.5609512,0.55328494,0.5630828,0.575176,0.05573648,0.56946295,0.6358406,0.88593566,0.793126,0.7777954,0.7201583,0.6955669,0.71151364,0.76104903,0.78841275,0.5396695,0.45914587,0.6152488,0.55358326,0.69326514,0.70599395,0.92239773,0.70658445,0.925683,0.54548377,2.0,0.49117184,0.5004886,0.6005706,cluster2_pred,,3
0.55696225,0.7250346999999999,0.72598374,0.7323185999999999,0.7307104999999999,0.7605839,0.011379001000000001,0.51008135,0.50912917,0.6716408,0.58320445,0.5618408,0.5569727,0.54097193,0.546776,0.5624308000000001,0.544391,0.78281856,0.7425453000000001,0.58162975,0.62242436,0.44070226,0.5463235,0.5643175,0.45893165,0.94547564,0.28505456,3.0,0.51053464,0.50331914,0.52011114,cluster2_pred,,2
0.6036223000000001,0.5421984999999999,0.5490621,0.5353237,0.54566324,0.5573568,0.056283094000000006,0.53233296,0.5814143,0.67578185,0.64235926,0.596057,0.6114142,0.59607255,0.5934314,0.6334645000000001,0.58851427,0.5621366999999999,0.52217567,0.59002584,0.59056413,0.5376295,0.61600924,0.53010565,0.40170398,0.92744005,0.35007042,1.0,0.50495875,0.5314457,0.55701125,cluster2_pred,,3
0.49047473,0.13494994,0.13643973,0.13626401,0.1370372,0.14689049,0.09153905,0.5250195,0.52807736,0.6246972,0.5896164,0.5930818,0.6171194999999999,0.58989036,0.57130975,0.6187341,0.6193053000000001,0.14875193,0.12506059,0.5048145,0.47551066,0.5657065,0.49652326,0.48787555,0.6557989000000001,0.64696515,0.113921754,3.0,0.50040543,0.47730172,0.57492316,cluster2_pred,,1
0.50856966,0.11150651,0.11369976400000001,0.11360439,0.11500258,0.12327154,0.07819719,0.5332445,0.5449002,0.6617746,0.6171314,0.61046594,0.6180389000000001,0.5868574000000001,0.60853356,0.6596656999999999,0.6753573,0.10074571,0.095968924,0.549687,0.5069481,0.6181962,0.7135784000000001,0.86887354,0.8296573,0.56570154,0.06774787,3.0,0.50714636,0.4212643,0.58857626,cluster2_pred,,1
0.5365345,0.07183304,0.071211964,0.069816165,0.07244258,0.07765137,0.1598639,0.5184396,0.56312495,0.6761936,0.61997783,0.61412585,0.60332817,0.5878684000000001,0.59947914,0.6421236,0.6501339,0.063715115,0.054105062,0.5490073000000001,0.5221664,0.58118,0.71828234,0.7123938,0.5567506999999999,0.40325087,0.05722338,3.0,0.50456053,0.5018768,0.5714037,cluster2_pred,,1
0.53488946,0.06732468,0.07151117,0.0679789,0.07244258,0.07765137,0.08586601,0.5348895,0.5364888000000001,0.63293666,0.56210136,0.55922824,0.56195426,0.5929234,0.5843884,0.6206832,0.6155685000000001,0.07852842,0.06452849,0.49104625,0.45212817,0.5813036,0.45406887,0.13834888,0.24945304,0.4408932,0.10193639,3.0,0.5081023,0.58115816,0.5457894,cluster1_pred,2.0,1
0.5344819000000001,0.6360336,0.63794756,0.638746,0.6427559,0.6359648,0.03842298,0.6798841,0.594156,0.6369268,0.54264367,0.5027157,0.5276963000000001,0.5144367999999999,0.51068616,0.5513594,0.49421996,0.7083541999999999,0.670145,0.4269366,0.42645863,0.46189480000000005,0.46140084,0.47320074,0.3948929,0.9734524,0.52524376,3.0,0.5340047,0.5054677,0.5243509,cluster0_pred,3.0,1
0.52337456,0.09437478,0.093353495,0.091250956,0.089949526,0.096417114,0.07433765,0.4789598,0.5014412,0.6174877,0.5905651999999999,0.5784424,0.58677864,0.5868574000000001,0.5471646,0.57098055,0.56325334,0.11721518,0.099218935,0.47147380000000005,0.4528687,0.52505296,0.38779414,0.49011758,0.6374145,0.45799822,0.13458082,3.0,0.5006409,0.46284708,0.5738891,cluster2_pred,,2
0.59535515,0.70200247,0.7194729999999999,0.71261907,0.72071564,0.75540143,0.037119996,0.6136258000000001,0.63104755,0.7461894,0.6745169,0.67857605,0.6895428000000001,0.69243723,0.52988905,0.5342245,0.5923921,0.7720921,0.7260471,0.4438271,0.42082173,0.5219722,0.53776157,0.8535267,0.7312974,0.93447506,0.45584002,1.0,0.5269013,0.50561076,0.5576704,cluster2_pred,,1
0.5463764,0.6047551999999999,0.6186984000000001,0.6164392,0.6207673,0.6460688,0.018634103,0.59628075,0.5916118,0.7047798000000001,0.68089515,0.6686654000000001,0.6699811,0.67815006,0.70262575,0.7215071,0.7269267,0.6080385,0.5693342,0.6121848000000001,0.56394535,0.66081214,0.7628170999999999,0.83365804,0.82206553,0.93299264,0.27756664,3.0,0.49219006,0.5043897,0.5621435,cluster2_pred,,3
0.56075025,0.61442304,0.61218774,0.61383194,0.6062034000000001,0.60394347,0.025245227000000002,0.40420938,0.41557088,0.60421365,0.562413,0.5699009,0.5443239000000001,0.47938657,0.4420553,0.46173236,0.50415605,0.6509798000000001,0.6463607,0.55110073,0.55502105,0.5111884,0.45644882,0.5457711,0.5620739,0.9617760000000001,0.33345009999999997,3.0,0.5017895,0.53468704,0.51836246,cluster1_pred,2.0,3
0.5828711,0.76029396,0.7825986999999999,0.7734558000000001,0.7826837,0.7842274,0.02829438,0.50711256,0.39642668,0.5529318,0.5194369000000001,0.5730839,0.5823921,0.5443388000000001,0.49755659999999996,0.513682,0.57975024,0.8822174,0.8159387,0.36014718,0.31004366,0.5444496999999999,0.35123444,0.44776496,0.6161548000000001,0.98504233,0.5367244999999999,1.0,0.53436005,0.52096903,0.48992446,cluster0_pred,3.0,3
0.51021457,0.18454176,0.18880145,0.18709508,0.18835069,0.20189355,0.10011042,0.5414694999999999,0.59396684,0.6895826999999999,0.61333627,0.61412585,0.62079716,0.6070774,0.6196001,0.6314034000000001,0.6725547,0.15900575,0.16568866,0.6529238,0.65162104,0.5719913000000001,0.7733274,0.62943643,0.5093714,0.8389884,0.17785546,3.0,0.49756715,0.53475505,0.577907,cluster2_pred,,3
0.47215343,0.72787815,0.7237191,0.7253658000000001,0.7212868,0.75335073,0.023994826,0.43877158,0.47160286,0.58908516,0.51843303,0.47231612,0.48225109999999993,0.40662268,0.3917408,0.44005486,0.4700765,0.7946339,0.76050895,0.51125443,0.53727734,0.44110140000000003,0.3784152,0.18617208,0.1624269,0.9366341999999999,0.33610305,3.0,0.5279437,0.52579015,0.5094566,cluster0_pred,3.0,2
0.5304903,0.7301529999999999,0.7627834,0.7256555,0.769262,0.7732019,0.03618364,0.7263191999999999,0.572908,0.4703032999999999,0.3430641,0.29425165,0.23360807,0.18322714,0.20865843,0.2554113,0.33815536,0.92299753,0.87274283,0.30677104,0.41063127,0.16356304,0.38052055,0.12574597,0.045133325999999994,0.97519165,0.9114741,3.0,0.53920346,0.5316417,0.6261986,cluster2_pred,,1
0.51679456,0.11361041,0.11340056,0.11421681,0.112889685,0.12100672,0.05986413,0.50034475,0.5000393,0.63602644,0.5791797,0.588507,0.59597284,0.57068145,0.5914308000000001,0.6226323,0.6342525,0.10288977,0.10370119,0.5638569,0.5323557,0.5990446999999999,0.64580745,0.57550806,0.78066224,0.5659783,0.06594095400000001,3.0,0.50204724,0.44590753,0.57886404,cluster2_pred,,1
0.46732315,0.78446364,0.78344786,0.79083765,0.7812558000000001,0.82169056,0.02051404,0.47496158,0.5077489000000001,0.64227945,0.613136,0.49281898,0.47472915,0.36333367,0.34291324,0.42992982,0.5029866,0.8508346999999999,0.83071256,0.5866397,0.663732,0.35932955,0.49190086,0.3917275,0.28685102,0.9412984000000001,0.41444287,3.0,0.52247536,0.5255847,0.5324402,cluster2_pred,,2
0.64821255,0.67498934,0.68437177,0.65699697,0.6524652,0.64559203,0.061158158,0.42939118,0.45429084,0.5846486999999999,0.4679130999999999,0.5907958999999999,0.7304636,0.6568861999999999,0.6726879,0.79272723,0.8228813,0.65766454,0.6013639000000001,0.58215576,0.47774485,0.7760736,0.5753524,0.46831733,0.6279581,0.9672725000000001,0.6680733,1.0,0.49714807,0.5067595,0.5211641,cluster2_pred,,3
0.5661443,0.13494994,0.14362076,0.13748886,0.13824457,0.14818469,0.049878255,0.5184396,0.4804126,0.5546621,0.51655924,0.47139212,0.49575606,0.44026256,0.42442667,0.41115227,0.407242,0.20873632,0.18601264,0.3619188,0.36642238,0.41927025,0.24389704,0.055321555999999994,0.0918919,0.80752224,0.28359878,3.0,0.49526152,0.60864496,0.53647417,cluster1_pred,2.0,2
0.6154579000000001,0.5532881,0.56406504,0.5628449999999999,0.55622923,0.55207455,0.021581562000000002,0.5129042,0.4971670999999999,0.59711385,0.5599953000000001,0.5217350000000001,0.5186270000000001,0.44859293,0.48930174,0.53751016,0.5266569999999999,0.63168806,0.5823829,0.42582873,0.42546535,0.4611,0.35037395,0.26623320000000006,0.20222796,0.9574961,0.33483624,1.0,0.5345338,0.5346719,0.52266294,cluster1_pred,2.0,3
0.5338185999999999,0.5259906,0.53434217,0.53068846,0.5376674,0.54917735,0.01570456,0.536788,0.51053375,0.68229055,0.5755413,0.59192586,0.62967604,0.5887698,0.62158895,0.6273045,0.6095999,0.5743984000000001,0.5048100999999999,0.5267151999999999,0.5153627000000001,0.53476185,0.54129153,0.6241694000000001,0.6001411,0.9265759,0.32705456,3.0,0.5003697,0.50457627,0.55956817,cluster2_pred,,3
0.45852542,0.6855103,0.689184,0.6917608000000001,0.68416315,0.69259906,0.020606492,0.50415415,0.5758175,0.7344689999999999,0.61298764,0.5991982,0.55275905,0.51885325,0.52026504,0.5494363,0.53099686,0.69578516,0.7078524,0.6492150999999999,0.6777454,0.5013641,0.61557955,0.61860436,0.43013027,0.9674752000000001,0.43722984,3.0,0.5041815,0.5112945,0.53374743,cluster2_pred,,3
0.32433075,0.1725195,0.17593542,0.15769879999999997,0.15544969,0.16662689,0.17024848,0.5184396,0.5042449999999999,0.5526023,0.47576115,0.4832866,0.45254338,0.46958154,0.49585609999999997,0.516405,0.5613849,0.15500769,0.2092145,0.6549088000000001,0.7128463,0.43622120000000003,0.54186934,0.022664492999999997,0.08626856,0.8190514,0.32854646,2.0,0.4906281,0.7004702,0.5075351,cluster1_pred,2.0,2
0.51466,0.6892068,0.69003326,0.6955269000000001,0.6875899000000001,0.7206633000000001,0.017023141999999998,0.50552434,0.51686215,0.6165441999999999,0.5840647,0.55070025,0.53806674,0.51557994,0.51033443,0.51167375,0.5041958,0.7597292,0.72060597,0.44971880000000003,0.44122875,0.49129313,0.39396888,0.26116985,0.22937942,0.9345604999999999,0.32474688,3.0,0.5382534,0.5096824,0.50558054,cluster0_pred,3.0,3
0.48389482,0.07724306,0.07659774,0.07685903,0.075461015,0.08088683,0.07466932,0.5036347,0.51546025,0.6319066999999999,0.5602038,0.55007863,0.5582766,0.5211425000000001,0.5300618,0.5836498,0.5987529,0.080399804,0.08994257,0.5507318,0.5501538,0.52139354,0.4828094,0.03755312,0.056413118,0.36238173,0.05181895,3.0,0.49802324,0.6381284,0.527894,cluster1_pred,2.0,3
0.5816722,0.5632403,0.57935107,0.57414323,0.585357,0.60073096,0.03555497,0.6144930999999999,0.6516325,0.72823584,0.667567,0.7253235,0.71640736,0.72065175,0.74283385,0.74915457,0.79050535,0.5696169,0.52301306,0.60879284,0.55559623,0.6706288,0.7454303000000001,0.8661181,0.87218845,0.9316373,0.30670634,1.0,0.49400243,0.4831672,0.56580746,cluster2_pred,,3
0.63568044,0.5803012,0.58274794,0.57240504,0.5696508000000001,0.5654272,0.032019295,0.5129026,0.4823937,0.6061569,0.52500325,0.43376112,0.39323020000000003,0.3586139,0.31160393,0.33803928,0.28891695,0.7011459,0.62699866,0.35404706,0.43808016,0.23195572,0.27619347,0.10674394,0.06684797,0.9512218000000001,0.5451958,1.0,0.52416307,0.55511534,0.5000067,cluster1_pred,2.0,3
0.40360695,0.55499417,0.5719911,0.5642935,0.5730776999999999,0.5826168,0.04329718,0.60732275,0.5245061,0.57697076,0.46704826,0.46010062,0.42203274,0.3280663,0.34751529999999997,0.38383752,0.39733290000000004,0.7105154,0.6416195,0.30099159999999997,0.36356923,0.25607207,0.27417538,0.09098517,0.039093945,0.9553335,0.46449053,2.0,0.54131395,0.56037885,0.48187172,cluster1_pred,2.0,3
0.6568401999999999,0.99260694,0.9957539000000001,0.96320826,0.9640185,0.9639755999999999,0.09032013,0.51147693,0.8067451999999999,1.0,0.9094504999999999,0.87791425,0.8789435,0.8114958000000001,0.87731665,0.9022683000000001,0.8935081,0.8816294,0.8422896999999999,0.9122364,0.90884304,0.7009635999999999,0.8953269,0.7903711999999999,0.5951654000000001,0.9928748,0.67678386,1.0,0.49739096,0.49003252,0.53542966,cluster2_pred,,2
0.50856966,0.079346955,0.079889044,0.07992114,0.07938499,0.085092954,0.107706726,0.52337456,0.52667546,0.63705635,0.57917964,0.58393216,0.58769804,0.5818024,0.57432795,0.61483586,0.6351866999999999,0.07243441,0.06539533,0.5706972,0.5584680000000001,0.5578419,0.65509003,0.37280706,0.46013415,0.39208899999999997,0.06941893,3.0,0.5020303,0.5420781,0.5589076,cluster2_pred,,1
0.5250195,0.0012022272,0.0017952595000000002,0.0012248439,0.002414752,0.0025883783,0.1887309,0.5135046,0.52246976,0.64529574,0.5896164,0.586677,0.58861744,0.56562644,0.5723158,0.6060648,0.6062265,0.0078049884,0.0079310825,0.4919343,0.45944643,0.56688845,0.32269624,0.61995596,0.6089154,0.021205576,0.00668636,3.0,0.50352836,0.4771601,0.55242306,cluster2_pred,,1
0.49036140000000006,0.7207695,0.7189069,0.7163851999999999,0.70900744,0.7405179000000001,0.022062307000000003,0.4387719,0.44832718,0.5957358,0.5744441,0.5584004,0.5594264,0.5614259,0.49010748,0.35375717,0.31152248,0.81419754,0.77671933,0.4334222,0.47255373,0.37358528,0.37158275,0.5061212,0.5697207,0.9352867,0.408271,3.0,0.5137365,0.50125253,0.5035413,cluster0_pred,3.0,1
0.5250195,0.021640077,0.021543114,0.021741,0.022034615,0.023618955,0.12668608,0.5118596,0.51826406,0.63911617,0.57917964,0.57478255,0.5812621,0.5555164,0.5532009,0.5875481,0.5950161,0.029308473999999998,0.02699176,0.51433253,0.49924612,0.537451,0.38248646,0.06341421,0.11351458,0.20836957,0.022743499,3.0,0.51113254,0.6241675,0.52812225,cluster1_pred,2.0,3
0.5200846,0.12292766599999999,0.12327448,0.11880997,0.1171155,0.12553638,0.07532369,0.4723799,0.49022597,0.6205775,0.5611526,0.5573984000000001,0.5821814999999999,0.56259346,0.56426746,0.57098055,0.5847399,0.12943128,0.12909116,0.5219815,0.5012217999999999,0.5542064,0.42071450000000005,0.34082840000000003,0.50372505,0.49614468,0.10768402,3.0,0.49854982,0.50689787,0.5636089,cluster2_pred,,3
0.58627564,0.6329057,0.63455063,0.6372975000000001,0.6396147,0.6448435,0.017407104,0.5334936,0.6330631999999999,0.6441531,0.60357964,0.61543703,0.54796404,0.49378154,0.41552982,0.49056134,0.39473800000000003,0.7173026,0.6869683000000001,0.32546484,0.28838959999999997,0.49777737,0.42640966,0.49689257,0.31092975,0.95177615,0.5465064000000001,1.0,0.5600412,0.51820725,0.5563387,cluster0_pred,3.0,1
0.49399155,0.753796,0.755505,0.7636909000000001,0.7543083,0.7958786999999999,0.018563032,0.49237132,0.48925337,0.611797,0.505475,0.48748913,0.5496175,0.49584755,0.51475096,0.47543547,0.55839217,0.84227705,0.78424203,0.38436149999999997,0.35143828,0.5163920999999999,0.36394075,0.100473925,0.19375284,0.94786793,0.39655942,3.0,0.5421468,0.51004034,0.48464623,cluster0_pred,3.0,1
0.48389453,0.45774776,0.48382244,0.45870447,0.48234683,0.5170287,0.10449434,0.635234,0.71873635,0.8481915999999999,0.78981197,0.7641793,0.76790434,0.7749033000000001,0.76346517,0.71911407,0.70805436,0.4576378,0.41154942,0.5551353,0.48318976,0.68821067,0.72565496,0.959517,0.82157815,0.9203118,0.35900134,3.0,0.4987245,0.47775024,0.596808,cluster2_pred,,1
0.5567963,0.8424707,0.8397798000000001,0.8473289,0.8449371999999999,0.8493733,0.019026732,0.492494,0.5268262,0.68807054,0.68107015,0.72408617,0.7691445,0.76222837,0.6814121,0.70904565,0.7289633000000001,0.863467,0.7618815,0.5124497,0.3956825,0.7712182,0.62083256,0.8698049999999999,0.912364,0.99088806,0.5021305,3.0,0.5218541,0.52113986,0.5462765,cluster2_pred,,3
0.45815673,0.8060741,0.8154353,0.8203869,0.81352484,0.85564345,0.010283744000000001,0.5574545,0.5533154,0.6298454000000001,0.591108,0.6338684,0.6318353,0.644999,0.7138251,0.77113205,0.81097126,0.7835533,0.78681684,0.7709984000000001,0.74845296,0.6775462,0.8151126999999999,0.5475864,0.66854286,0.94545764,0.35822719999999997,3.0,0.48032218,0.51064914,0.5065359,cluster1_pred,2.0,3
0.5118596,0.10639704,0.10502268,0.1031932,0.10323067,0.1106532,0.109450005,0.4937647,0.4944317,0.6267571,0.5488183000000001,0.542759,0.55000186,0.5039555,0.51295894,0.5358963000000001,0.5305564,0.13069044,0.12456871,0.4814639,0.47688064,0.49747476,0.2580866,0.10397723,0.08067114,0.5762241,0.08594548,3.0,0.5086648,0.621688,0.53421,cluster1_pred,2.0,3
0.5237426,0.7440861,0.7639158,0.7560739000000001,0.769262,0.80348897,0.032415967000000004,0.6648564,0.6565196,0.7439372,0.6838404,0.7185003000000001,0.71693134,0.6852625,0.6690878,0.7275035,0.7309677,0.78149456,0.71100444,0.59051186,0.57100594,0.58412206,0.7750788000000001,0.7709872,0.76673335,0.9472303,0.3290661,3.0,0.50627536,0.5013107,0.53478974,cluster2_pred,,3
0.49376473,0.030656777000000003,0.030519413,0.029702492,0.028977028999999998,0.031060545,0.12887602,0.4986997,0.5000393,0.63602644,0.56210136,0.53177947,0.56011546,0.53226346,0.534086,0.5680568,0.5716611,0.029343227000000003,0.04745773599999999,0.54427016,0.5349341999999999,0.5385123,0.47212365,0.037576284,0.038269006,0.24368195,0.056947097,3.0,0.5028955,0.64737153,0.5232035,cluster1_pred,2.0,3
0.45264003,0.13374771,0.13614051,0.13626401,0.13764089999999998,0.14753759,0.038254257,0.5332445,0.5392925999999999,0.670014,0.6161826,0.62236047,0.6345884,0.62224233,0.6256364000000001,0.6187341,0.6183711,0.13786986,0.13759738,0.51436085,0.47592384,0.5913553,0.58565456,0.85890657,0.8693818999999999,0.64142895,0.10233302400000001,3.0,0.4992791,0.40578216,0.5949976,cluster2_pred,,2
0.38727245,0.84360814,0.8553489,0.8565992,0.8563599000000001,0.8608708,0.024713632000000003,0.51879907,0.5666799,0.6697703,0.62628096,0.65353096,0.7089926999999999,0.7533854999999999,0.80359095,0.82826394,0.7472684,0.8597882,0.7708421,0.559608,0.44619578,0.78605264,0.6629600999999999,0.8092036,0.8620465,0.9907601999999999,0.48701054,2.0,0.5230167,0.498944,0.53127205,cluster2_pred,,2
0.5315995,0.10820038,0.10711715,0.10472425,0.102928825,0.11032965,0.07943459,0.47402489999999997,0.48742219999999997,0.66692424,0.61523384,0.58210224,0.5904563,0.5727034000000001,0.58539444,0.64114904,0.6454629,0.10238717,0.09116984,0.5376731,0.5044974,0.59037364,0.55744934,0.84564334,0.7244619999999999,0.56302464,0.08742978400000001,3.0,0.5056385,0.43106595,0.5971618,cluster2_pred,,3
0.55461127,0.48077914,0.49952403,0.48607492,0.5014004,0.5120782,0.06780193,0.63778216,0.6852041999999999,0.7092578,0.6672013000000001,0.57044816,0.49685870000000004,0.4600657,0.4717161,0.51379836,0.56321067,0.54654396,0.5376337,0.5099572,0.56132686,0.38198242,0.5309495,0.41073623,0.24092244,0.9164437,0.52142185,3.0,0.5236623,0.59630835,0.5334261,cluster1_pred,2.0,3
0.5135046,0.07964751,0.085873246,0.08114599,0.08602556,0.092211,0.18068823,0.54146945,0.55471355,0.6648644,0.61048985,0.6095510999999999,0.6088446999999999,0.5818024,0.5874064999999999,0.6284797,0.6333183000000001,0.07701929,0.068257675,0.5671656,0.5552453,0.55543816,0.7372901999999999,0.6946422,0.6397714,0.39921623,0.058343135,3.0,0.50255275,0.500243,0.5630432,cluster2_pred,,1
0.6090958000000001,0.76939315,0.7806172,0.77982914,0.78553927,0.78709286,0.012389608,0.5202254,0.5081711,0.5830334,0.51187456,0.56335974,0.49119106,0.41181973,0.43251213,0.45757842,0.47550026,0.89585507,0.83167833,0.3300721,0.3155427,0.44794962,0.31507277,0.18943226,0.20537697,0.9838246999999999,0.5358459,1.0,0.55692387,0.49799818,0.47996622,cluster0_pred,3.0,3
0.5381795,0.2239147,0.22410822,0.21465410000000001,0.21189453,0.22713023,0.037987594,0.43948004,0.37667176,0.5011059,0.48809546,0.451263,0.5555183000000001,0.5251865,0.5662795,0.5972937,0.6015555,0.21745561,0.19603954,0.55684793,0.5131154,0.6239178000000001,0.4749893,0.2228252,0.5355255999999999,0.8193813,0.33986145,3.0,0.47690868,0.49663463,0.54900056,cluster2_pred,,3
0.5069246000000001,0.12863824,0.12866026,0.12891495,0.13039663,0.13977246,0.06444682,0.52337456,0.53648883,0.6679541999999999,0.60005313,0.5921668000000001,0.5904563,0.5555164,0.5723158,0.61581045,0.6538706999999999,0.12092853,0.11575445,0.6141371999999999,0.62217546,0.53186363,0.7515143,0.7298116,0.50088453,0.5296598000000001,0.10757576,3.0,0.49759406,0.5048634,0.57588154,cluster2_pred,,1
0.50198966,0.08084973,0.09185745,0.08022735,0.09025137,0.096740656,0.06412151,0.5464044,0.58275163,0.642206,0.5706405,0.5729526,0.53804934,0.4968785,0.47573516,0.5144559,0.50066197,0.115692675,0.10950432,0.43323898,0.4155509,0.50463134,0.39728478,0.42301473,0.26812074,0.8416030999999999,0.25558662,3.0,0.510156,0.5655746,0.576857,cluster2_pred,,3
0.50711536,0.76683396,0.7746725999999999,0.77258664,0.77725786,0.77699184,0.030914215,0.505663,0.5342064999999999,0.6568877,0.5950441,0.5747196,0.6222066999999999,0.6354987,0.64172894,0.6964441,0.71437,0.7619878000000001,0.7769210999999999,0.8152170999999999,0.8583646999999999,0.5471033000000001,0.8968030999999999,0.6863881,0.7448937,0.9882886999999999,0.30394813,3.0,0.46367118,0.53243697,0.52468306,cluster1_pred,2.0,1
0.48389477,0.17221895,0.17952596,0.17423421,0.1808046,0.19380488,0.07104898,0.5677893,0.53508687,0.6875228,0.6418001,0.62876517,0.6336689999999999,0.6090994000000001,0.6155759,0.7980536,0.8668681999999999,0.121813424,0.11443963,0.72070783,0.6884914000000001,0.67578876,0.8247914000000001,0.7761494000000001,0.7482422,0.8484985,0.29400778,3.0,0.4896066,0.48136902,0.5936933,cluster2_pred,,1
0.27424556,0.56264204,0.57747513,0.5542424,0.58255905,0.6175175,0.06165335,0.6257318000000001,0.680503,0.88877195,0.83360183,0.8183218000000001,0.8705146,0.83158684,0.7155486999999999,0.775654,0.65890175,0.65059435,0.47970757,0.26804152,0.15473886,0.64621055,0.5350364000000001,0.87693065,0.7563847,0.93641347,0.6904914000000001,2.0,0.52591807,0.51559335,0.6366347,cluster2_pred,,3
0.6053549,0.7469296,0.74494976,0.7499901999999999,0.74041975,0.7706968000000001,0.021074524,0.48588532,0.4653103,0.60820305,0.60152096,0.5912809,0.6254367,0.5920898,0.6022682,0.6305214,0.66720283,0.75931317,0.7182265999999999,0.70373195,0.7389954000000001,0.511925,0.7123345999999999,0.53741676,0.6486446,0.94510216,0.28627327,1.0,0.47798517,0.5220052,0.5191659,cluster1_pred,2.0,1
0.39791635,0.541603,0.54156995,0.5349510999999999,0.5375843000000001,0.5698288,0.016877243,0.50206107,0.5778810000000001,0.68195134,0.5745587,0.4553795,0.47487995,0.43254828,0.40206078,0.46908534,0.47038013,0.58070505,0.5854611,0.40354142,0.3602552,0.5494913,0.44452846,0.28913048,0.16144621,0.9336056999999999,0.6117795,2.0,0.533491,0.5503129,0.5404514,cluster1_pred,2.0,3
0.45888278,0.7807670999999999,0.8077923,0.7644751000000001,0.8146671,0.8189046,0.047276042000000004,0.7891597,0.32257196,0.4391934,0.15509509,0.17232364,0.15682767,0.08981705,0.18005706,0.22770505,0.19208512,0.9619338,0.96053284,0.5000098,0.707657,0.016547805,0.38839087,0.14410517,0.121762864,0.97733575,0.93134177,3.0,0.4939424,0.5863951,0.720303,cluster2_pred,,2
0.5176068,0.5362271,0.5357576000000001,0.5312678000000001,0.5293859999999999,0.5485741,0.02324366,0.46187979999999995,0.5014592999999999,0.64134985,0.5806088,0.54684085,0.5671841999999999,0.5484525,0.5514564999999999,0.5839919,0.6224778,0.56556886,0.5086311,0.49011633,0.44437587,0.5966037,0.47039738,0.36904000000000003,0.35368586,0.92923176,0.33066323,3.0,0.5191084,0.52721846,0.55371,cluster2_pred,,1
0.58510816,0.66020316,0.6614426999999999,0.659894,0.655892,0.6639385,0.030659396000000002,0.40995333,0.4202751,0.5169841,0.46357256,0.45920500000000003,0.4565073,0.38858995,0.43744865,0.5572838999999999,0.5176221999999999,0.68211466,0.7147190999999999,0.666043,0.6965526999999999,0.50485224,0.51137173,0.13467075,0.20526463,0.9653951999999999,0.4448714,1.0,0.49182796,0.5514165,0.49794945,cluster1_pred,2.0,3
0.53488946,0.14817439999999998,0.16396704,0.15126836,0.1629958,0.17471558,0.11022284,0.49705470000000007,0.5098526,0.63293666,0.5772821,0.7147714,0.7862927,0.7971451999999999,0.7896223000000001,0.8126720000000001,0.8154872,0.11774585,0.10088086,0.6837062,0.6279412,0.7124218000000001,0.80111927,0.7532818,0.8425636000000001,0.85220915,0.30062140000000004,3.0,0.48593238,0.42336732,0.5872051,cluster2_pred,,2
0.49540973,0.12503155,0.124770544,0.11911619,0.12013394,0.12877184,0.07607631,0.48389477,0.5000393,0.6267571,0.55925494,0.57569754,0.59229517,0.5767474,0.5582311,0.56610775,0.5940819,0.123497665,0.12959336,0.5559626999999999,0.54411536,0.5499062,0.53103995,0.48723468,0.65878487,0.48392093,0.1011347,3.0,0.49513707,0.47616875,0.5668898,cluster2_pred,,3
0.4964715,0.6243751999999999,0.62124616,0.6265786,0.62276626,0.64815086,0.023281507000000003,0.48134872,0.5258837,0.70477957,0.64251673,0.6417491,0.6820675,0.6627267,0.6658076999999999,0.71885544,0.73978126,0.61030596,0.585398,0.64004487,0.5911717,0.67561287,0.74505943,0.9073849,0.9105114,0.9349313,0.27062288,3.0,0.48850045,0.5177411,0.5616254,cluster2_pred,,1
0.50198966,0.12623379,0.12626658,0.12248451,0.12496343,0.1339486,0.06414404,0.48882970000000003,0.53088117,0.6689841,0.6171314,0.58942187,0.5683902,0.5625934,0.5874064999999999,0.6089884,0.6034239,0.12125602,0.13074431,0.5594292,0.54277694,0.56265527,0.59702086,0.70499814,0.5142907999999999,0.48961774,0.09707163,3.0,0.497954,0.48210922,0.58113796,cluster2_pred,,3
0.46507886,0.6221005000000001,0.63256913,0.6251300999999999,0.62447965,0.64437646,0.051993363,0.4995714,0.65233755,0.734314,0.67231965,0.6754448000000001,0.71897084,0.8102607,0.8367583000000001,0.8621449000000001,0.84384435,0.59129244,0.5455665,0.7186637,0.67506945,0.7010689999999999,0.8111311,0.8509473,0.91775495,0.9350835999999999,0.37792084,3.0,0.4787042,0.47466874,0.5669953,cluster2_pred,,3
0.5069246000000001,0.0249462,0.025732055,0.025415534,0.025958587999999998,0.02782507,0.10023523,0.5069246000000001,0.5028431,0.6267571,0.5649476999999999,0.56563294,0.55184066,0.4948565,0.5290557,0.5622095,0.5679243,0.030210746,0.04543998,0.53407043,0.52926904,0.52316386,0.4296013,0.060346507,0.026166609,0.23765078,0.051814567,3.0,0.50583625,0.64133686,0.5227989,cluster1_pred,2.0,3
0.44079438,0.582576,0.58756024,0.5926839,0.5899260999999999,0.6113755,0.015851324,0.54019886,0.5900251,0.66681045,0.6005893,0.57699895,0.5276199,0.49013698,0.52658665,0.5741767,0.566026,0.62912595,0.59406435,0.5817677,0.6268735,0.43081862,0.5567551,0.43594387,0.25639936,0.9327332,0.32133225,2.0,0.5149263,0.54562354,0.53202236,cluster1_pred,2.0,2
0.23450949999999998,0.7409581999999999,0.73758984,0.73173916,0.7315672,0.76678115,0.026660017999999997,0.45832554,0.5454089,0.57650715,0.51820195,0.4998891,0.5372161999999999,0.5782755999999999,0.50288534,0.5360286999999999,0.52667695,0.7745746,0.7605758,0.54107326,0.5221322,0.5591494,0.5024978,0.24142769,0.36555514,0.93333584,0.44787225,2.0,0.5156511,0.499102,0.5045545,cluster0_pred,3.0,1
0.52008456,0.039673474,0.03889729,0.03674535,0.03622129,0.038825683,0.16997632,0.4855398,0.49863738,0.6298469,0.5715893,0.5702078,0.56103486,0.53934044,0.5491767,0.57098055,0.57072693,0.05152442,0.0440037,0.47571275,0.44481635,0.55544937,0.27293852,0.20060034,0.23775889,0.30777138,0.047577348,3.0,0.5100297,0.5844731,0.5427441,cluster1_pred,2.0,2
0.5625343,0.60201496,0.6073960999999999,0.6017051999999999,0.60248077,0.64188725,0.047209304,0.42844018,0.51686215,0.78043276,0.7093808000000001,0.70761704,0.6086984999999999,0.5977521,0.6512836999999999,0.68546194,0.66659147,0.5867964,0.5448741,0.620501,0.5521188,0.711281,0.62971216,0.8236507,0.7079926999999999,0.94487065,0.58487374,3.0,0.49142933,0.520892,0.58353823,cluster2_pred,,2
0.5365345,0.17973286,0.18221883,0.17545906,0.17476770000000003,0.18733391,0.1015359,0.47402483,0.50564694,0.6494154999999999,0.5924628000000001,0.5729526,0.5840204000000001,0.5292305,0.52000123,0.59631914,0.6015555,0.19322124,0.1892049,0.5289927,0.5214659,0.52702284,0.5019866,0.6082012,0.4925273,0.8164323,0.21264857,3.0,0.50513864,0.5101538,0.58428216,cluster2_pred,,2
0.50527966,0.011721708,0.010771558,0.007961493,0.0087534785,0.009382874,0.25196373,0.49376473,0.5042449999999999,0.63293666,0.5763333,0.57478255,0.57942325,0.56259346,0.5733219,0.60411566,0.6127659000000001,0.0018887564,0.0062583764000000005,0.54397774,0.51931334,0.5737489,0.53297025,0.54440546,0.73411083,0.050971105999999995,0.0033984892,3.0,0.5024885,0.48969257,0.54574734,cluster2_pred,,3
0.5377258,0.7525938,0.76507974,0.7664468000000001,0.7724189,0.81499416,0.020077208,0.6203349,0.5996876,0.69394296,0.6231913,0.6073142,0.5604816,0.51575774,0.5870672,0.59442943,0.6145053,0.8362205,0.7817615,0.395131,0.3477716,0.5548652,0.47097218,0.38307199999999997,0.18837404,0.94915193,0.3855212,3.0,0.5660099,0.5050667,0.49170032,cluster0_pred,3.0,3
0.5908191999999999,0.059209656,0.06343251,0.049300015,0.049200583,0.05273822,0.13735089,0.47566983,0.54349834,0.6648644,0.61523384,0.61138093,0.63918555,0.6010114000000001,0.61456984,0.6216578,0.6202395,0.07131559400000001,0.07940713,0.40961143,0.34852457,0.59347934,0.41640124,0.68079126,0.7651608,0.80807257,0.23335372,1.0,0.510981,0.44329894,0.6048936,cluster2_pred,,1
0.58189714,0.7892975,0.78826016,0.7960523,0.7943919,0.83551204,0.020406276,0.5223182,0.611901,0.6872331,0.60696805,0.61432534,0.6224429,0.6318545999999999,0.51108474,0.5240543,0.46481365,0.8539190999999999,0.82203555,0.56235355,0.6093596,0.41713837,0.5537475000000001,0.5821563,0.4601721,0.9434036,0.38866982,1.0,0.52075183,0.48264703,0.52499455,cluster2_pred,,3
0.085760295,0.55840635,0.5663296,0.5472013000000001,0.5428076000000001,0.551795,0.2308681,0.68005854,0.7537222,0.83205765,0.71116567,0.7316639,0.7162257,0.75581485,0.70993537,0.7331478,0.6465261,0.6104109000000001,0.45799458,0.20573360000000002,0.07634816,0.6534976,0.48550805,0.73214126,0.6525905,0.94121605,0.5739390000000001,2.0,0.5670813,0.53883,0.59340733,cluster2_pred,,1
0.46679667,0.47310174,0.4748965,0.47332817,0.46741796,0.47954324,0.032249555,0.48917489999999997,0.5130478,0.6161479999999999,0.57377434,0.5803575,0.59152484,0.56506187,0.5588866,0.5478887,0.5647112,0.50449425,0.48380873,0.43709987,0.3777382,0.6026581,0.41144952,0.35684216,0.5662669,0.91261345,0.24535789,3.0,0.5172708,0.5090382,0.549883,cluster2_pred,,3
0.45478509999999994,0.7730897,0.77835256,0.7786704000000001,0.77411664,0.77384675,0.021418616,0.4576933,0.55031073,0.60228103,0.57743716,0.57229334,0.57345843,0.562241,0.56882936,0.5982683000000001,0.59054184,0.7873091999999999,0.75345397,0.7645584,0.83071125,0.46975649999999997,0.7128978,0.51556474,0.6115109000000001,0.98796165,0.33186382,3.0,0.47933173,0.52909386,0.5228424,cluster1_pred,2.0,1
0.5184396,0.08656031,0.09095982,0.08604536,0.08904400000000001,0.09544647,0.12717405,0.5480494,0.48742214,0.61130816,0.5393303,0.54367393,0.4966755,0.45542756,0.44655973,0.48619359999999995,0.49505678,0.12387461,0.1152576,0.474141,0.49066806,0.44524845,0.32631567,0.17871128,0.1088336,0.46318180000000003,0.14332752,3.0,0.4988436,0.6253633,0.52878535,cluster1_pred,2.0,2
0.65665007,0.77934533,0.7837310000000001,0.76997936,0.78696716,0.79364234,0.025224425,0.63172525,0.49561998,0.674446,0.6577001,0.66681224,0.64875686,0.63615185,0.60113996,0.7111863,0.72279406,0.7880718000000001,0.73831576,0.48390755,0.35427222,0.78725195,0.57003045,0.7348889000000001,0.8011693,0.97315025,0.7121934,1.0,0.5146751,0.52002305,0.5421896,cluster2_pred,,2
0.41797233,0.54276717,0.54849595,0.54836005,0.5516601,0.56349117,0.033253517,0.53530234,0.5814135,0.7148369000000001,0.6612044,0.65553474,0.64212817,0.63714767,0.58616436,0.56307226,0.60706985,0.54271096,0.5028414000000001,0.62645596,0.6080659,0.5987553000000001,0.656027,0.8163708000000001,0.7149459,0.9272044,0.4077188,2.0,0.48820063,0.50952005,0.56911045,cluster2_pred,,1
0.53813654,0.47338608,0.47716114,0.46695483,0.47398597,0.48171893,0.14584889,0.57509583,0.21322833,0.52753633,0.54062945,0.5507632,0.50635004,0.50686294,0.49203855,0.5763724,0.5382218000000001,0.5919184000000001,0.56684804,0.18712191,0.08419044,0.5835341,0.34881043,0.27951062,0.53309953,0.90950775,0.6467071999999999,3.0,0.51432514,0.5241756,0.5164891,cluster1_pred,2.0,3
0.43619013,0.34954736,0.35785505,0.3539802,0.36130732,0.3872862,0.046907395,0.56120926,0.5561154,0.64632565,0.5355350999999999,0.518055,0.52609694,0.49687853,0.51396495,0.49788827,0.46422815,0.4387021,0.37099516,0.34959528,0.3376761,0.45127234,0.31212038,0.15934636,0.11076039,0.8882777000000001,0.27978220000000004,2.0,0.52836025,0.586173,0.5285892,cluster1_pred,2.0,1
0.5250195,0.024645643,0.023637582999999997,0.022353422,0.022034615,0.023618955,0.08538758,0.4986997,0.49443167,0.6319066999999999,0.5715893,0.564718,0.5748262,0.54945046,0.53811014,0.56415856,0.5725953,0.03194311,0.03324823,0.50387824,0.48644778,0.5378558000000001,0.29292265,0.3279395,0.43566874,0.23931344,0.030717148,3.0,0.5112132,0.5199405,0.5582554,cluster2_pred,,3
0.4032902,0.26509094,0.2680921,0.25231808,0.25113425,0.2691914,0.056241203,0.4329001,0.4790108,0.6329366999999999,0.62946576,0.6717683000000001,0.73756343,0.71626526,0.7755376,0.80974835,0.74542224,0.23260844,0.19345320000000002,0.61086005,0.5442943,0.7024732,0.63689876,0.81284755,0.93757546,0.83692795,0.39301240000000004,2.0,0.46794084,0.39499542,0.6013863,cluster2_pred,,1
0.44112507,0.14246385,0.15050258,0.14238824,0.15031834,0.16112658,0.1768281,0.5447594,0.54910594,0.67207384,0.60954106,0.587592,0.5867786,0.5757364,0.5672856,0.59631914,0.6099633000000001,0.16548741,0.13747203,0.5104393,0.5000454000000001,0.52475715,0.5126577999999999,0.48981902,0.34403986,0.66153395,0.124879986,2.0,0.50391525,0.56486243,0.5671416,cluster2_pred,,3
0.5217295,0.20407794,0.20406115,0.19781248,0.19951892,0.21386479999999997,0.12539119,0.47402483,0.39349459999999997,0.5968892,0.53174,0.61412585,0.6180389000000001,0.6171873999999999,0.65782994,0.6781824000000001,0.6678837,0.17597114,0.22712769,0.69482994,0.6932764,0.5926329,0.6677039,0.5365148,0.76438993,0.86206716,0.23907384,3.0,0.4834321,0.474563,0.5569717,cluster2_pred,,2
0.48469979999999996,0.48760355,0.48763487,0.48143969999999997,0.47427154,0.48658562,0.031011577999999998,0.45486134,0.34649205,0.5432904000000001,0.47481899999999994,0.34303513,0.32886409999999994,0.29366013,0.28972578,0.34371817,0.33341244,0.5868878000000001,0.54373497,0.41458645,0.49166378,0.27699256,0.2676358,0.06335873,0.083803385,0.91714203,0.37209347,3.0,0.5036321,0.57319295,0.49839026,cluster1_pred,2.0,3
0.2187567,0.80095583,0.7984508000000001,0.79808015,0.7866816,0.8216937,0.022979885,0.40235537,0.53496593,0.6603361,0.58494586,0.56599575,0.5823242,0.5287864999999999,0.5439299,0.6746779,0.60191786,0.80264395,0.76250154,0.67137104,0.6812813,0.5549444,0.62213326,0.5504832,0.5076544,0.94507015,0.38972813,2.0,0.50904286,0.5042393,0.51987106,cluster2_pred,,1
0.5464044,0.1157143,0.126865,0.116666496,0.12617081,0.13524279,0.10024217,0.5480494,0.5364888000000001,0.6761936,0.6085923000000001,0.6168707,0.59873104,0.61617637,0.6155759,0.6479709,0.64266026,0.119613215,0.102295026,0.5471096,0.5181003,0.58527577,0.6168227,0.7598951,0.7310014,0.78943354,0.16541564,3.0,0.50336236,0.45393607,0.5907176,cluster2_pred,,3
0.46744490000000005,0.20588128,0.20585641,0.19168825,0.18865253,0.2022171,0.32886747,0.41974017,0.45517835,0.6061585,0.53173995,0.46773228,0.50954735,0.46553758,0.56527346,0.5992428000000001,0.6258446999999999,0.18461691,0.22512415,0.66530347,0.6913220999999999,0.51486325,0.5755557,0.1585461,0.22344077,0.8452777,0.23959747,3.0,0.51735795,0.6871122,0.5165123,cluster1_pred,2.0,1
0.54146945,0.07754362,0.07839299999999999,0.078696296,0.07998867,0.08574005,0.07980237,0.52008456,0.51826406,0.6494154999999999,0.596258,0.587592,0.5858591999999999,0.56158245,0.57634,0.60703933,0.6024897,0.076464556,0.06792466,0.56304,0.55488497,0.5447732,0.6431502,0.66165257,0.58165246,0.39000466,0.05290892,3.0,0.50278604,0.4812703,0.5712348,cluster2_pred,,3
0.47924718,0.72702515,0.7262668000000001,0.72159976,0.7161466,0.7221268,0.02706998,0.39421088,0.53310513,0.65241534,0.46574092,0.48577645,0.46929651,0.2567986,0.35545355,0.48274399999999995,0.40223244,0.8152345,0.79825884,0.41138095,0.43641493,0.39556855,0.43331543,0.25175616,0.16809244,0.96325845,0.8097684,3.0,0.5363481,0.50721264,0.49637067,cluster0_pred,3.0,2
0.50527966,0.19746570000000002,0.20256512,0.20026217,0.20374474,0.21839446,0.11069521,0.52995455,0.5561154,0.66692424,0.5801284999999999,0.57752746,0.5463241999999999,0.5302415,0.53811014,0.5719550999999999,0.5903451,0.19309025,0.22067961,0.6196109000000001,0.63151294,0.52556705,0.6618755999999999,0.34866205,0.19411767,0.7623446,0.21004401,3.0,0.50322604,0.6232929,0.55392003,cluster1_pred,2.0,3
0.49211976,0.099183686,0.11549502,0.09890624,0.11138046,0.119388975,0.08100915,0.5283095,0.4369536,0.5783505,0.5232008,0.53177947,0.5711485,0.56663746,0.55219483,0.55441296,0.5725953,0.09822335,0.15470983,0.6430548,0.66266024,0.5190125,0.5754031999999999,0.283072,0.45491534,0.80680424,0.30900976,3.0,0.5070979,0.5546277,0.5404754,cluster1_pred,2.0,1
0.43218708,0.84929514,0.8607273000000001,0.86442107,0.86892486,0.91393435,0.018872455,0.6231437,0.48040888,0.65567,0.61225486,0.6083775,0.624151,0.6130769,0.6166593,0.64623594,0.6921153,0.8705235,0.83799213,0.6972144,0.70182383,0.57955104,0.6939727,0.5176516,0.6310796999999999,0.9518273000000002,0.34937435,2.0,0.48712492,0.5149664,0.50776714,cluster1_pred,2.0,3
0.6844581,0.85242295,0.8590288,0.8516744,0.8415103999999999,0.8413209999999999,0.02569246,0.44897118,0.4611152,0.6277636999999999,0.63025737,0.8019130999999999,0.7757608,0.7391310999999999,0.7990837,0.7627553,0.79279417,0.8122146,0.77702564,0.8534546000000001,0.8567190999999998,0.65745586,0.8083722,0.738745,0.83506817,0.99028045,0.48023240000000006,1.0,0.45883822,0.5007609,0.51207495,cluster2_pred,,2
0.52995455,0.10820038,0.10831399,0.10686773,0.10866386,0.11647704,0.06495183,0.49705470000000007,0.49022597,0.6545651,0.6323121,0.6214455,0.61160296,0.5909014,0.5884126000000001,0.62360686,0.6155685000000001,0.14153509,0.09065981,0.44538558,0.4106468,0.5497979000000001,0.44285342,0.6434273,0.72126144,0.7756711,0.27062201,3.0,0.50082964,0.4406305,0.60135776,cluster2_pred,,2
0.5398245,0.20558074,0.21303746,0.20883608,0.21159269,0.2268067,0.021860937,0.52172965,0.52667546,0.59688914,0.52509844,0.48420158,0.51506394,0.49687856,0.6196001,0.5563621,0.5520430000000001,0.27085006,0.19588482,0.31299436,0.23774724,0.5799036999999999,0.3462172,0.1241266,0.22447315,0.82439566,0.37707955,3.0,0.5018296,0.55153805,0.55855066,cluster2_pred,,1
0.53148425,0.77934533,0.79278934,0.7919965,0.78325474,0.82379377,0.021415438999999998,0.5177354000000001,0.5663347,0.55045897,0.47920606,0.4095488,0.38678393,0.39150035,0.46063339999999997,0.45436582,0.5775969,0.84723437,0.83711654,0.62153107,0.705178,0.36090654,0.4990741,0.17942454,0.18479949999999998,0.94364905,0.4471362,3.0,0.5104514,0.5437498,0.5373883,cluster1_pred,2.0,1
0.6418139,0.08445641,0.12357369,0.08482052,0.11198415,0.120036066,0.39388314,0.65168375,0.7285496,0.8142039000000001,0.73478186,0.7376454000000001,0.72928864,0.76984817,0.75441056,0.81949395,0.8201582000000001,0.056627937,0.029735796000000002,0.5464223000000001,0.44213578,0.75867873,0.7762920999999999,0.7578039000000001,0.7420743000000001,0.82653207,0.3025259,1.0,0.49258637,0.54272604,0.5862831,cluster2_pred,,3
0.49330693,0.7216225000000001,0.72343606,0.73029065,0.7298538,0.7273866,0.01590535,0.55205417,0.5885071,0.6922414000000001,0.6476859,0.6432648,0.6480208000000001,0.8134453,0.7939808,0.82496995,0.86387354,0.6722203,0.6694291,0.79181504,0.7411299,0.7524558000000001,0.91098225,0.92575413,0.95822847,0.9840572,0.31170484,3.0,0.46784547,0.5051223,0.54624623,cluster2_pred,,2
0.40328377,0.679258,0.6923716999999999,0.6862194,0.69665605,0.7350281,0.023337845,0.5312464,0.55827445,0.6138256,0.5278971,0.5208244000000001,0.49077106,0.447068,0.39587486,0.43321177,0.47652268,0.8030195,0.7072094,0.33815527,0.330339,0.43632627,0.27700588,0.25027034,0.15373370000000003,0.9484805000000001,0.36226666,2.0,0.5645018,0.5155713,0.4939217,cluster0_pred,3.0,3
0.44315790000000005,0.4844973,0.48232636,0.48013926,0.4841579000000001,0.5158043,0.07394646,0.49548724,0.43324359999999995,0.5019438,0.2764512,0.29831225,0.24584033,0.1776454,0.15022434,0.14679909,0.19017196,0.6265859,0.60100144,0.3692611,0.48744157,0.16043088,0.25701517,0.031293422,0.04579423,0.9301216,0.50018924,3.0,0.50386167,0.59645826,0.5060169,cluster1_pred,2.0,3
0.43676980000000004,0.82199764,0.8270414,0.797211,0.8286599,0.8715683000000001,0.04955814,0.7010539000000001,0.6861096999999999,0.7704456000000001,0.6906741,0.6542613,0.6292736999999999,0.6393656,0.6409507,0.63356507,0.6574128,0.8121324000000001,0.7766384,0.72160083,0.7491989,0.53817075,0.8012967,0.4575317,0.24738051,0.9454481,0.38402638,2.0,0.50809467,0.5586322,0.51451784,cluster1_pred,2.0,3
0.63602686,0.77650183,0.7777864000000001,0.7812776,0.7826837,0.81751555,0.014462823999999999,0.51463896,0.49746498,0.61283535,0.5718185,0.54152113,0.5526415,0.6257710999999999,0.5476416000000001,0.5937734,0.58468366,0.7959529000000001,0.7947109,0.6688754,0.6781501999999999,0.55521625,0.6454439999999999,0.42904374,0.5602076,0.94558305,0.36701292,1.0,0.4875059,0.510794,0.517825,cluster2_pred,,3
0.53064746,0.63802403,0.6393629,0.6132525,0.60848796,0.61588204,0.08498744,0.29073194,0.44285420000000003,0.60821736,0.6656221999999999,0.6810655,0.62104034,0.65816253,0.6093821,0.5747243000000001,0.556742,0.6720647,0.5623695,0.41812727,0.34300786,0.6299421,0.47220087,0.7977204999999999,0.8337981,0.9505620000000001,0.5747238,3.0,0.51460236,0.53349966,0.5712974,cluster2_pred,,3
0.57959294,0.6309153000000001,0.6356829,0.6425121,0.6404714,0.63815403,0.026180428,0.52451384,0.5292143,0.6604787,0.5966898,0.60376096,0.6220967,0.6361717,0.688492,0.73652214,0.76262575,0.65484196,0.5902619,0.5879276999999999,0.54627645,0.63399404,0.6572754,0.66386825,0.7417661999999999,0.9655155000000001,0.27463996,1.0,0.5006144,0.5126466,0.54568654,cluster2_pred,,3
0.5070771,0.48959398,0.48706874,0.48752340000000005,0.4856942,0.49832302,0.033579696,0.52796435,0.64146143,0.7562581,0.6503576999999999,0.5986132,0.6148728,0.61090696,0.60177016,0.60180366,0.52658564,0.5659293000000001,0.44442323,0.34214234,0.31398624,0.48517734,0.43530998,0.6368772,0.38169762,0.91577595,0.36722940000000004,3.0,0.5444019,0.52915144,0.59387946,cluster2_pred,,1
0.44666666,0.68096066,0.68125796,0.6874153000000001,0.6833064,0.67617244,0.023058468,0.49993128,0.5659363000000001,0.72255397,0.6754974,0.6864836999999999,0.76281536,0.75087285,0.69597125,0.7112731,0.71699625,0.73454815,0.6161599,0.39679304,0.29514924,0.6809438,0.5310699000000001,0.9306458000000001,0.92508364,0.9671058000000001,0.40378597,3.0,0.53398323,0.51721746,0.5864259,cluster2_pred,,1
0.53618777,1.0,0.9994339,0.95654523,0.9454566999999999,0.9453915999999999,0.04550907,0.23092766,0.30997887,0.58407843,0.5330008,0.717827,0.84969467,0.8463371999999999,0.83375525,0.8549023000000001,0.7853649,0.902125,0.8713412,0.98475224,0.98236823,0.7333516,0.72251165,0.77506024,0.8722661,0.9923789000000001,0.7240459,3.0,0.44082606,0.4958635,0.49135977,cluster1_pred,2.0,3
0.52879095,0.58001685,0.58756024,0.5877591,0.58964056,0.5853145000000001,0.025962012000000003,0.58945936,0.56733316,0.6821238000000001,0.68329644,0.6775974,0.665561,0.6181519,0.6412464,0.6350657,0.63575774,0.6252436,0.5418019000000001,0.47073734,0.42302912,0.5918673000000001,0.5612661,0.7463288,0.7545495,0.9582103999999999,0.34352538,3.0,0.5144795,0.50642663,0.5665068,cluster2_pred,,3
0.5036347,0.16951393,0.16815597,0.16841620000000002,0.16963635,0.18183361,0.09160347,0.50034463,0.51405835,0.6329366,0.5924628000000001,0.5683778,0.60792524,0.5838244,0.5984731,0.63432705,0.68002826,0.15183836,0.15341382,0.58667374,0.54560435,0.6320509,0.6766838000000001,0.45364740000000003,0.53603244,0.6896566,0.13270582,3.0,0.49691147,0.51270163,0.576349,cluster2_pred,,1
0.6124499,0.76086265,0.7608019,0.76824117,0.76811975,0.80786896,0.014187493,0.5574541999999999,0.6171087,0.7704451999999999,0.67745715,0.68382984,0.7075868000000001,0.7104071,0.65764916,0.6850467,0.70411015,0.7535895,0.72269785,0.6428537,0.5980954,0.66746104,0.75606406,0.91351753,0.758204,0.9420181999999999,0.33626269999999997,1.0,0.5020223,0.5077563,0.54902804,cluster2_pred,,2
0.52337456,0.078445286,0.08198351400000001,0.07992114,0.08149789,0.08735779,0.12583582,0.5299545,0.53508687,0.6648644,0.6180802,0.61138093,0.6097640999999999,0.5888793999999999,0.596461,0.6216578,0.6323840999999999,0.07597399,0.069413565,0.5435073,0.518921,0.57334334,0.7055246999999999,0.85313654,0.82871884,0.47445926,0.042590953,3.0,0.5107423,0.43113622,0.5788626,cluster2_pred,,2
0.51021457,0.09617812,0.10352664,0.09492549,0.10534358,0.112918034,0.111451864,0.56285435,0.53789073,0.6731038,0.5905651999999999,0.57112277,0.53713,0.51709855,0.5300618,0.57682794,0.55951655,0.14573099,0.11794018,0.34831867,0.29348353,0.5497068,0.32746553,0.44349277,0.24069782,0.8171232,0.2378129,3.0,0.51096314,0.5590635,0.59194326,cluster2_pred,,1
0.44897118,0.85213864,0.8502535,0.84617007,0.8532185999999999,0.8530431999999999,0.02888549,0.5027548,0.5465932,0.7287865,0.8490844000000001,0.8051469,0.78063583,0.8311499,0.7715241,0.8282054,0.82581455,0.8080768,0.7687493000000001,0.8511110000000001,0.84530777,0.67726123,0.8787915000000001,0.8166349,0.7990982,0.99242127,0.47194192,3.0,0.46264863,0.49304792,0.5412795,cluster2_pred,,3
0.48718476,0.09497589599999999,0.09634559,0.09461928,0.09296797,0.09965259,0.067421146,0.49540973,0.49302979999999996,0.6236673,0.58202606,0.57569754,0.5720679,0.53125244,0.534086,0.55441296,0.56605595,0.1047411,0.10596726,0.52252513,0.51184225,0.5312104,0.41170937,0.25331497,0.33199143,0.5067674,0.06813693,3.0,0.5046054,0.5549417,0.5588614,cluster2_pred,,2
0.46086493,0.16230059,0.16755755,0.16474165,0.16661792,0.17859814,0.12509303,0.5217295,0.5126564,0.61439794,0.5288936,0.5052456,0.52517754,0.51507646,0.53811014,0.5514893,0.57352954,0.18655112,0.19379397,0.5162714,0.51430464,0.5081004,0.44620052,0.14915548,0.12920211,0.8081834,0.22073306,3.0,0.50470865,0.6318502,0.5364939,cluster1_pred,2.0,2
0.5348895,0.19175513,0.20974615,0.19475037,0.20797054,0.22292413,0.05342404,0.56120926,0.5883592,0.69267243,0.6550832,0.61046594,0.5490824000000001,0.52417547,0.52301943,0.5261507,0.5464376999999999,0.23829342,0.21561058,0.46922085,0.4738044,0.4704572,0.48646435,0.5598188000000001,0.38985342,0.8331702,0.33648940000000005,3.0,0.50838584,0.53848505,0.5851462,cluster2_pred,,2
0.39986038,0.61612916,0.61303693,0.6109349000000001,0.60991573,0.60764956,0.036772437000000005,0.47813177,0.5156273,0.57608104,0.49887600000000004,0.49976102,0.47951365,0.38852245,0.44560122,0.5038092000000001,0.56259984,0.65357226,0.6601643,0.59225875,0.6336381,0.44444165,0.48328757,0.16601746,0.12569833,0.9486293,0.37384787,2.0,0.5050437,0.57143635,0.504366,cluster1_pred,2.0,2
0.5009832999999999,0.75091046,0.7540081999999999,0.7630266,0.7569826,0.79065585,0.017740795,0.52222526,0.5582421,0.6650861,0.62520385,0.6478600999999999,0.65441024,0.63416415,0.63672775,0.7376036,0.7613337,0.7807244000000001,0.6979095999999999,0.5412508,0.4755561,0.6671371,0.6281581999999999,0.80243886,0.84022355,0.9397924000000001,0.36591905,3.0,0.52009034,0.52224827,0.53509384,cluster2_pred,,2
0.50527966,0.027951766,0.030220202999999998,0.028477647999999998,0.031391785,0.033648927,0.19180635,0.5299545,0.54770404,0.65971476,0.591514,0.5930818,0.60332817,0.5706814,0.5783520999999999,0.59729373,0.60435814,0.026381101,0.033635177,0.528334,0.5039564999999999,0.56559736,0.5768561,0.59754974,0.5175679,0.28168112,0.03125159,3.0,0.50517213,0.5193882,0.55720603,cluster2_pred,,1
0.5332445,0.11932099,0.11788871,0.11636028,0.117417336,0.12585992,0.07692223,0.5217295,0.49443164,0.5999789000000001,0.5649476999999999,0.5784424,0.57114846,0.53125244,0.5582311,0.58559895,0.6024897,0.11893016,0.13196717,0.5528134,0.54069614,0.5490215,0.5216493,0.2354995,0.44020909999999996,0.47939718,0.093297,3.0,0.49890828,0.5449574,0.5497044,cluster2_pred,,3
0.50034475,0.17372173,0.18102199,0.1766839,0.18352118,0.19671679,0.119451776,0.5414694,0.5561154,0.71533084,0.65698075,0.6479793,0.6382661000000001,0.6778473,0.68700534,0.68987715,0.68750185,0.16410527,0.14753647,0.551959,0.48962100000000003,0.6645166,0.69413656,0.9725986999999999,0.92853844,0.78521144,0.19546379,3.0,0.49473244,0.4111201,0.6047261,cluster2_pred,,1
0.5283095999999999,0.15057887,0.15080181,0.1494311,0.14760174,0.15821464,0.10419012,0.4806048,0.48742214,0.61233807,0.5412279000000001,0.52354485,0.5242581000000001,0.4958675,0.4777472,0.5017866,0.5240169,0.18414238,0.17234614,0.45630756,0.4443366,0.50248104,0.209258,0.24061161,0.26774183,0.67726934,0.13234447,3.0,0.51328045,0.5697914,0.551507,cluster1_pred,2.0,3
0.63778216,0.46542433,0.47574577,0.46811359999999996,0.47655612,0.48666390000000004,0.043848127,0.5768893,0.49661067,0.6506751000000001,0.5001581,0.42257917,0.42131856,0.38612968,0.39905033,0.47684288,0.46182629999999997,0.5456131999999999,0.5430058000000001,0.50564224,0.5797559,0.32742596,0.44640538,0.18190268,0.14900887,0.9120802,0.5162998,1.0,0.49937958,0.59654725,0.51395464,cluster1_pred,2.0,3
0.50198966,0.12773657,0.1265658,0.122178294,0.12375606,0.13265441,0.111520335,0.53324443,0.5757420999999999,0.6823731,0.62187535,0.61138093,0.60608643,0.5373184,0.534086,0.5972937,0.6146343000000001,0.11445889999999999,0.13585953,0.527014,0.49291453,0.58740264,0.5802601,0.62492377,0.43014497,0.7729999,0.22205846,3.0,0.50529146,0.53397024,0.5879142,cluster2_pred,,1
0.5135046,0.007814472,0.0068818284,0.0027559006,0.0033202851,0.0035590213,0.5025678,0.4855398,0.48461837,0.61851764,0.56305015,0.52537477,0.502192,0.48171353,0.4978682,0.52712524,0.53149056,0.022078265,0.027478784,0.49556175,0.49535504,0.49412358,0.21626684,0.05809083,0.08238417,0.08886931,0.045103133,3.0,0.49554303,0.7167279,0.47458398,cluster1_pred,2.0,3
0.4484579000000001,0.662478,0.66908574,0.66018367,0.6704559,0.6759876,0.033501115,0.47045067,0.43564585,0.515641,0.46743190000000007,0.45071033,0.38898987,0.4271017,0.43077344,0.33595014,0.3755887,0.8113483,0.74716884,0.31016824,0.33728364,0.34230867,0.34851876,0.11959086,0.1308434,0.9597928,0.72639906,3.0,0.52395195,0.51613885,0.49356714,cluster0_pred,3.0,2
0.47529948,0.72702515,0.734476,0.7395609999999999,0.7332806,0.76326084,0.011078535,0.4737875,0.52846134,0.6527039000000001,0.58843786,0.6139916999999999,0.5890917,0.54654807,0.5440013000000001,0.5884130999999999,0.5967795,0.78366965,0.7376208000000001,0.5776241,0.6042244999999999,0.47154334,0.55815285,0.64806783,0.6381673000000001,0.94550383,0.28588802,3.0,0.5106086,0.5146935,0.52072954,cluster2_pred,,3
0.41974017,0.19626348,0.20286432,0.19934353,0.20495210000000003,0.21968865,0.12849726,0.5250195,0.5420964,0.64014614,0.5194055999999999,0.5564834,0.548163,0.61415434,0.6206060999999999,0.67136043,0.7089884,0.18180317,0.22577855,0.6828731,0.69535697,0.55451155,0.69406074,0.23874876,0.35655990000000004,0.87211585,0.22723179,2.0,0.50234973,0.60819745,0.5444185,cluster1_pred,2.0,2
0.5445616,0.5407767,0.54056984,0.5454631,0.5399519,0.5570664000000001,0.018392287,0.5100690999999999,0.49513522,0.5812654,0.5304624,0.560334,0.61671054,0.46739140000000007,0.50198823,0.53252184,0.5329826,0.58818024,0.56547904,0.5883611999999999,0.6373916000000001,0.42491767,0.5146357,0.31423286,0.47502032,0.9232925999999999,0.32379177,3.0,0.48928505,0.5274489,0.5224587,cluster1_pred,2.0,2
0.5036347,0.007213359200000001,0.0077794595,0.0064304359999999994,0.0066405684,0.0071180407,0.23643626,0.5069246000000001,0.51966596,0.6494154999999999,0.5896164,0.5939966999999999,0.5996505,0.57775843,0.58137023,0.6158104,0.6249104999999999,0.0022590220000000003,0.00045694745,0.5144322,0.47669145,0.58978254,0.49697974,0.7524460999999999,0.791644,0.039460614,0.00687051,3.0,0.50566417,0.44994465,0.5527427,cluster2_pred,,3
0.59174347,0.73612434,0.7333437,0.73753315,0.73527956,0.76534307,0.032343164,0.49949706,0.5568153,0.6593321,0.6050109,0.596328,0.62881833,0.5958083000000001,0.56527346,0.6269385000000001,0.6053682,0.7495794,0.70589685,0.70849556,0.7515076,0.49632259999999995,0.7538296,0.64855915,0.62109345,0.9463795,0.27084035,1.0,0.48694062,0.5178088,0.5254549,cluster2_pred,,1
0.57765925,0.10519482,0.104723476,0.10349941,0.10323067,0.1106532,0.035551794,0.49540973,0.5070488000000001,0.670014,0.59341156,0.6013164000000001,0.5821814999999999,0.54136246,0.50692266,0.55051476,0.56699014,0.13916779999999998,0.1097012,0.36471537,0.29881355,0.5830975,0.31808645,0.75561863,0.6152821999999999,0.81632626,0.22202562,1.0,0.50485146,0.44782856,0.61541295,cluster2_pred,,1
0.52008456,0.03576624,0.037700452,0.036132927999999995,0.0383342,0.041090515,0.11371980599999999,0.5184396,0.51686215,0.6504454000000001,0.57917964,0.57569754,0.57850385,0.5514724,0.56024325,0.58072615,0.59408194,0.047605217000000005,0.04068773,0.48079209999999994,0.44749793,0.56341493,0.35171637,0.27580965,0.21041481,0.31552482,0.04265523,3.0,0.50664973,0.57585907,0.5547398,cluster1_pred,2.0,3
0.49869972,0.15478666,0.15469153,0.15463668,0.15303494,0.16403851,0.051305755999999994,0.4937648,0.5000393,0.66692424,0.59341156,0.5967416,0.62999135,0.5686594,0.596461,0.6294543,0.6407919,0.15879321,0.13444047,0.53176844,0.5012675999999999,0.5813734,0.55429727,0.7863165,0.837305,0.66951406,0.13056539,3.0,0.496287,0.42064205,0.5939267,cluster2_pred,,2
0.33910543,0.60788304,0.62407684,0.61904645,0.61619824,0.6358224,0.037433755,0.46507886,0.4721295999999999,0.7155352,0.64464,0.6404111,0.6544293999999999,0.68122363,0.788148,0.8354906999999999,0.8344756,0.59228516,0.5543107,0.7259069,0.6897270999999999,0.68742496,0.75645405,0.7381581,0.8612453000000001,0.9337249,0.38054904,2.0,0.4675643,0.5019571,0.5562544,cluster2_pred,,1
0.44501440000000003,0.5808699,0.5884094,0.5900766,0.5919251,0.58758724,0.020772036,0.56490284,0.5833351999999999,0.668558,0.57832354,0.5072737,0.528315,0.47344944,0.47251704,0.5024242,0.56439096,0.6321054,0.6164485,0.49229359999999994,0.48178643,0.5163313,0.48531473,0.204723,0.1055203,0.9621457,0.37212790000000007,3.0,0.524221,0.5700692,0.5163248,cluster1_pred,2.0,2
0.35648724,0.45834887,0.46616906,0.44461876,0.44099417,0.4698097,0.10948988,0.38592267,0.47226572,0.53777856,0.45094335,0.44384265,0.39847818,0.27714437,0.09421765,0.15842496,0.129807,0.6165847,0.53547794,0.22195357,0.3102317,0.15891802,0.22259050000000002,0.15724052,0.10109003,0.9167386999999999,0.51830995,2.0,0.5355832,0.58035934,0.48434827,cluster1_pred,2.0,3
0.50034475,0.11240818,0.111006886,0.10931742,0.108060166,0.11582995,0.088757426,0.48553973,0.5098526,0.6576549,0.59436035,0.59674156,0.59781164,0.56865937,0.57231575,0.60216653,0.6230420999999999,0.1024901,0.10028573,0.5613129,0.5403100000000001,0.5735977,0.6176026,0.71325773,0.7169999,0.4953869000000001,0.06305918,3.0,0.5028428,0.45201743,0.5795149,cluster2_pred,,2
0.5442143,0.5009679,0.5068838999999999,0.50345683,0.51025295,0.521134,0.03505747,0.55461127,0.6662183,0.7957373999999999,0.673198,0.6852741,0.59896255,0.49201384,0.49442420000000004,0.534916,0.5514024000000001,0.5469321999999999,0.53258395,0.52020776,0.5490590999999999,0.4388601,0.558395,0.7156853,0.44240272,0.9189359,0.5069232,3.0,0.52166677,0.54162997,0.57082236,cluster2_pred,,3
0.5727243000000001,0.041476816,0.043086227000000005,0.04133852,0.043465544,0.04659082,0.05352603,0.5118596,0.53368497,0.6576549,0.62472177,0.6013164000000001,0.61160296,0.5646154000000001,0.56124926,0.49496466,0.48851737,0.07638703,0.08374705,0.38430405,0.3413103,0.5396063,0.34889755,0.7460039,0.65006095,0.8142052,0.22172704,3.0,0.50557107,0.44656932,0.6075397,cluster2_pred,,2
0.49705470000000007,0.067925796,0.06702302,0.06307952,0.06399094,0.06859204,0.21808298,0.47402483,0.5028431,0.6216074,0.57253814,0.5766125,0.57022905,0.53630745,0.53811014,0.57000595,0.5819373000000001,0.077749126,0.07298004,0.513903,0.5018031,0.5303528000000001,0.3846058,0.46378455,0.52774847,0.34928682,0.06250272,3.0,0.50334024,0.5253256,0.5516801,cluster2_pred,,2
0.5232309,0.7483513,0.75627273,0.75578415,0.7469878000000001,0.75327075,0.021035811,0.5276301,0.51686215,0.7717496,0.65685517,0.6920928000000001,0.71759194,0.81096184,0.67287403,0.59566313,0.5702564,0.8507867,0.63441664,0.22891334,0.11197206400000001,0.6358752,0.46409836,0.87905383,0.88964224,0.9667931000000001,0.86485445,3.0,0.5183734,0.52933484,0.5943262,cluster2_pred,,3
0.5167946,0.19085346,0.18999829999999998,0.19076963,0.19046359999999998,0.20415838,0.11122074,0.48553973,0.47340313,0.6298469,0.5810772,0.56746286,0.5573571999999999,0.52316445,0.49283797,0.5427181999999999,0.5623191,0.21234139999999999,0.21016665,0.55248547,0.56785536,0.48542708,0.47530746,0.44070882,0.43828145,0.73737377,0.16861314,3.0,0.5031128,0.53936833,0.5637514,cluster2_pred,,1
0.67503434,0.54362017,0.5476466999999999,0.5486496999999999,0.5468055,0.5641455,0.021912362,0.5445616,0.54881334,0.6498085,0.5494919,0.54782164,0.5831821,0.6176272,0.49556786,0.5582869,0.5636431,0.58872145,0.56379217,0.5827196,0.6250068,0.43777955,0.5510458,0.31165996,0.37619454,0.92324257,0.31882516,1.0,0.49373308,0.53991693,0.54186046,cluster2_pred,,2
0.56226885,0.5536253000000001,0.550247,0.53433865,0.52701974,0.5586268,0.04620332,0.30190890000000004,0.311618,0.45169777,0.4140644,0.39564326,0.38029137,0.05751178,0.0,0.015980178,0.03881338,0.7071648,0.6758837,0.2957174,0.41331565,0.12656507,0.22332092,0.061797738,0.06258267,0.9353958,0.60006726,3.0,0.50711477,0.57505804,0.49458456,cluster1_pred,2.0,3
0.42557967,0.66633403,0.7037416999999999,0.67917657,0.68971366,0.7311382,0.0440599,0.6143409000000001,0.60700315,0.8592261,0.73786825,0.6925137,0.7713783000000001,0.7415779,0.7454046,0.85085005,0.77349323,0.6400651999999999,0.6128055,0.57562864,0.43649033,0.85309595,0.6666314,0.81391084,0.658117,0.9412323,0.6663456999999999,2.0,0.5089225,0.5065429,0.59039325,cluster2_pred,,2
0.4564979,0.6882746999999999,0.6920725000000001,0.68162626,0.68880814,0.730178,0.033807646000000004,0.53623265,0.60977656,0.6401793,0.5811281999999999,0.62463164,0.5812917,0.6215662,0.6269756,0.7997553000000001,0.7531621999999999,0.6633545,0.7052175,0.6496938,0.58490694,0.7169595999999999,0.63395524,0.4523364,0.47196695,0.9440543,0.6473025,3.0,0.50796515,0.5035724,0.5188686,cluster2_pred,,2
0.5303108,0.63063097,0.63030446,0.6315035,0.6324755,0.63017154,0.040721256000000004,0.5361097,0.58850795,0.743969,0.6970111,0.7117918000000001,0.63991964,0.626372,0.614915,0.67727023,0.62268966,0.6561685,0.5804194,0.5356291,0.5057215,0.58185273,0.621912,0.92853147,0.7657948,0.96620893,0.31999429999999995,3.0,0.51540583,0.513899,0.5681964,cluster2_pred,,1
0.4984585,0.5885473000000001,0.5852956,0.5868899000000001,0.5793600999999999,0.5750868,0.021867294,0.44501440000000003,0.5107073000000001,0.6522794,0.5724913,0.53860694,0.4742241,0.45924595,0.4407148,0.47076198,0.47825855,0.63238865,0.61357427,0.48382443,0.47664055,0.50460684,0.42855266,0.29502526,0.18708743,0.9602894000000001,0.3641672,3.0,0.5271146,0.5418326,0.5311198,cluster1_pred,2.0,1
0.45783797,0.63546485,0.6328522,0.62773746,0.62019616,0.6179128,0.027640866,0.44914252,0.4056886,0.54341096,0.5231207999999999,0.5497456999999999,0.58726144,0.5613421999999999,0.56527346,0.62059546,0.6457381999999999,0.6498771,0.60917205,0.59327805,0.5667810999999999,0.601581,0.531339,0.37560374,0.6232762,0.9615203999999999,0.34666866,3.0,0.49026096,0.52207875,0.51476353,cluster1_pred,2.0,1
0.4296675999999999,0.7531853000000001,0.7540081999999999,0.7595503,0.7581249,0.7918497,0.01247368,0.5222256,0.47160340000000006,0.5881356,0.5446883000000001,0.55671245,0.5865646999999999,0.5530329,0.6116727,0.66838557,0.63810974,0.79063517,0.74117124,0.59055126,0.5731705,0.5792363,0.5697415,0.33125709999999997,0.59955305,0.937694,0.31837577,2.0,0.50203264,0.5122935,0.5037213,cluster1_pred,2.0,3
0.48224983,0.44362158,0.44283068,0.42808333,0.4228835,0.45328984,0.06960068,0.38848528,0.39349459999999997,0.5093453,0.44824603,0.5189699999999999,0.56563187,0.5320611999999999,0.5079054000000001,0.5552903,0.54181117,0.4429448,0.46650833,0.5187831,0.45328787,0.65592015,0.4422515,0.28805757,0.55045325,0.9074224,0.34619322,3.0,0.49579608,0.5176953,0.5179843,cluster2_pred,,3
0.6109222,0.82086027,0.8287399,0.8247324,0.81523824,0.85744625,0.029771576,0.43676980000000004,0.61971253,0.7226220999999999,0.66159725,0.64236534,0.6173201,0.56519365,0.6007763,0.6290397,0.5992859,0.8169645000000001,0.7776506,0.721173,0.7478875,0.5400050000000001,0.71304786,0.5946786000000001,0.42221272,0.94317776,0.39217827,1.0,0.50989896,0.49367228,0.52672213,cluster2_pred,,1
0.52451384,0.63887703,0.63794756,0.64511937,0.6373302,0.6350180000000001,0.02324886,0.5071195,0.5267444,0.64505124,0.60003334,0.61021066,0.6447804,0.6735861,0.69824284,0.7519789000000001,0.6770179000000001,0.6552074000000001,0.58818626,0.58024615,0.5374066,0.63305885,0.64045364,0.7146003000000001,0.80389726,0.96389514,0.28361347,3.0,0.49991596,0.50728226,0.5491782,cluster2_pred,,1
0.54625624,0.61072654,0.61020625,0.61614954,0.61277145,0.61050034,0.015431249499999999,0.54045737,0.5625671999999999,0.70857567,0.64267,0.6448764,0.656122,0.63528025,0.57413775,0.5888224,0.6136349,0.6608805,0.57717353,0.5092736,0.51099133,0.4962468,0.55319214,0.81008023,0.6681735,0.9481358,0.32558572,3.0,0.5103172,0.5100409,0.56121916,cluster2_pred,,2
0.4986997,0.041176256,0.040094126,0.039195042,0.0383342,0.041090515,0.15389098,0.49211976,0.50704885,0.6349965,0.58771884,0.58301723,0.5821814999999999,0.55854946,0.5632614,0.58559895,0.5950161,0.038971473,0.04300791,0.52291363,0.49634224,0.5680654,0.44086128,0.6768927,0.76769817,0.28028154,0.02141775,3.0,0.50917536,0.44639042,0.5667012,cluster2_pred,,3
0.48060483,0.030957334,0.030818623,0.02939628,0.030184405,0.032354735,0.22338939,0.49540973,0.5042449999999999,0.6174877,0.56305015,0.5738675999999999,0.5757456,0.5474284,0.5481706000000001,0.58657354,0.5987529,0.035641756000000004,0.039448496,0.51908976,0.49809843,0.55335647,0.37049702,0.16640769,0.4123513,0.23981713,0.026042508,3.0,0.5083428,0.5777425,0.53304744,cluster1_pred,2.0,2
0.50856966,0.02404453,0.023039163999999997,0.022965843,0.023543837999999997,0.025236694,0.09875745,0.5003447,0.52387166,0.6504454000000001,0.591514,0.58210224,0.5821814999999999,0.55753845,0.5672856,0.59924287,0.5996871,0.028030587000000003,0.02570129,0.51770926,0.49823415,0.5491964,0.44414127,0.5424912,0.32179904,0.22061513,0.022841878,3.0,0.50531584,0.5271994,0.564381,cluster2_pred,,2
0.49540973,0.003907236,0.0029920997999999996,0.0024496897,0.002414752,0.0025883783,0.26717368,0.4986997,0.5098526,0.63705635,0.58297485,0.5656329999999999,0.56011546,0.53226346,0.53811014,0.5358963000000001,0.5202802,0.020248323999999998,0.022043744,0.4821374,0.47312167,0.5080269000000001,0.22586069,0.13369308,0.13142072,0.033451945,0.033216033,3.0,0.49786788,0.6323289,0.5091722,cluster1_pred,2.0,2
0.46768728,0.440616,0.44582278,0.44308773,0.44642738,0.47559923,0.045162667000000004,0.5412756999999999,0.6227786999999999,0.74562156,0.69806224,0.7067074999999999,0.7046684,0.6731299,0.6662854,0.70386946,0.7213845,0.44120708,0.39862776,0.38862774,0.22581922,0.81819636,0.5619109999999999,0.92538375,0.83421725,0.911751,0.34839526,3.0,0.52333987,0.47610244,0.62346745,cluster2_pred,,3
0.67244244,0.7796297,0.77608794,0.77142787,0.7624084,0.79632634,0.026974352000000004,0.3720088,0.41858518,0.5520352,0.55606556,0.56093204,0.6510183,0.6378946999999999,0.6413681999999999,0.6773749,0.72574586,0.7822571,0.74161047,0.658496,0.6290979999999999,0.6394999,0.6152281999999999,0.5061083,0.73004854,0.9443627,0.36616468,1.0,0.48896435,0.5248339,0.5148153,cluster1_pred,2.0,2
0.5250196,0.102489814,0.101731375,0.10258078,0.102928825,0.11032965,0.07556551,0.5118596,0.51405835,0.6308768,0.5696916999999999,0.55282354,0.5637930999999999,0.55652744,0.55722505,0.5982683000000001,0.60435814,0.10486675,0.113007985,0.55057937,0.54083186,0.5424828,0.5254041,0.09465957,0.1456086,0.49397942,0.054355547000000004,3.0,0.49966276,0.6148093,0.540437,cluster1_pred,2.0,2
0.40658027,0.31828946,0.32075304,0.31907216,0.32025656,0.34328374,0.047114544,0.5315996000000001,0.51826406,0.6494154999999999,0.549767,0.52537477,0.51782215,0.49687853,0.49384403,0.5086085,0.47917542,0.39415792,0.32972965,0.31189883,0.26442015,0.5152926,0.23210913,0.14309664,0.09213954,0.8730686,0.24926767,2.0,0.5412511,0.58348656,0.5401444,cluster1_pred,2.0,3
0.5250195,0.20618185,0.20884852,0.2066926,0.20465028,0.21936509999999998,0.08285095,0.4937648,0.52387166,0.6463257,0.601002,0.6095510000000001,0.6079253000000001,0.55652744,0.56426746,0.56123495,0.5819373999999999,0.20101687,0.2135085,0.6116961999999999,0.62254053,0.52421886,0.65422,0.6972835999999999,0.6854138000000001,0.7488063,0.19240998,3.0,0.4885164,0.47691506,0.57331145,cluster2_pred,,1
0.44112504,0.11150651,0.11040846,0.09798761,0.10534358,0.112918034,0.071588665,0.4888298,0.46218792,0.60615855,0.5260471999999999,0.49335116,0.5012726,0.5140655,0.5300618,0.5466165,0.60435814,0.11598408,0.13507524,0.48362738,0.43878514,0.5914241,0.40708140000000004,0.17999898,0.19858374,0.8353153,0.22145487,2.0,0.51122653,0.58522385,0.5634191,cluster1_pred,2.0,1
0.46908987,0.073636375,0.07779458,0.07440933599999999,0.077573925,0.083151676,0.12950353,0.51514965,0.4888241,0.6092483,0.55071586,0.5354393,0.5150639,0.47160354,0.48177144,0.50568485,0.51841176,0.10678492,0.09708309,0.48703158,0.49540326,0.47024164,0.22997619,0.10785173,0.08620476,0.4628318,0.073747315,3.0,0.50809157,0.6282578,0.52685744,cluster1_pred,2.0,1
0.46508574,0.6394456999999999,0.6382306,0.6401945,0.6396147,0.6372986999999999,0.03467293,0.5129176999999999,0.48598050000000004,0.5633756999999999,0.55990475,0.5763499,0.6253373000000001,0.5951936,0.62466604,0.6592374,0.62186646,0.64315563,0.67117774,0.667203,0.6593220000000001,0.5940093000000001,0.643649,0.3268554,0.49294849999999996,0.9538163000000001,0.38042329999999996,3.0,0.4819782,0.5042874,0.5158112,cluster2_pred,,3
0.45547444,0.7065520000000001,0.7056024000000001,0.71261907,0.70900744,0.69933736,0.028270978,0.50856966,0.48995823,0.6099939999999999,0.56595796,0.55883926,0.5703859,0.48106924,0.4976982,0.48094895,0.49865603,0.7738183000000001,0.7458707,0.45780024,0.4401268,0.51635635,0.42299908,0.37844998,0.34569487,0.9786819999999999,0.39743164,3.0,0.53104204,0.5072931,0.50887924,cluster0_pred,3.0,2
0.49705476,0.22782193,0.22590349999999998,0.22200318,0.220648,0.23651311,0.024079476000000002,0.45593,0.4860202,0.58864975,0.5402791,0.54916364,0.5729873000000001,0.5221534999999999,0.46366253,0.45500758,0.486649,0.23596489999999998,0.26599905,0.5582566,0.5618407,0.51539046,0.49273425,0.30548036,0.36861697,0.83700126,0.33640367,3.0,0.49113274,0.55062944,0.54744035,cluster1_pred,2.0,2
0.50509197,0.5845664,0.5966186,0.5958706,0.5942096,0.61581886,0.019194878999999998,0.5477284,0.5771887,0.6771833,0.6196999,0.62139755,0.63705367,0.65397656,0.64080465,0.69017404,0.74393475,0.6123534,0.5415196999999999,0.55239135,0.51087976,0.6166585,0.6340771,0.7165971999999999,0.7822135,0.9317726000000001,0.28704107,3.0,0.50332105,0.5084381,0.55901206,cluster2_pred,,1
0.50856966,0.14396662,0.14661285,0.14330687,0.14760174,0.15821464,0.097923085,0.5431144,0.53368497,0.6741337,0.6161826,0.6278501999999999,0.6014893,0.56967044,0.5783520999999999,0.60703933,0.59501606,0.16559033,0.15017194,0.4543537,0.41117084,0.5735795,0.4399134,0.8569846999999999,0.7398166,0.67856324,0.12468688,3.0,0.5013533,0.43487543,0.59477603,cluster2_pred,,2
0.52995455,0.19806682,0.23487978,0.19781248,0.230307,0.24686661,0.12339886,0.6993884,0.5434982,0.6473555999999999,0.5412279000000001,0.5098204000000001,0.49575606,0.47766948,0.54716456,0.5894971999999999,0.5576481,0.3062178,0.2547112,0.26378208,0.21462178,0.4961374,0.37423518,0.23175603,0.13427193,0.83749133,0.42369568,3.0,0.52253914,0.59953356,0.54591936,cluster1_pred,2.0,2
0.5875291,0.43430433,0.43175992,0.42900200000000005,0.42892042,0.45976081,0.034575567,0.4967258,0.46495935,0.61841494,0.5393755,0.5545892,0.6084765000000001,0.61057353,0.63503915,0.68425804,0.6830826999999999,0.43528950000000005,0.41479313,0.45225054,0.32998747,0.75508153,0.47320205,0.41450337,0.60729486,0.9088805,0.3195935,1.0,0.51046723,0.4862982,0.5633858,cluster2_pred,,1
0.49211976,0.10008536,0.10113295,0.09645655,0.09840116,0.10547644,0.09492796,0.4789598,0.5028431,0.5773205,0.51750803,0.5015858,0.5067891,0.47059256,0.4646686,0.5222524000000001,0.5473719,0.12496135400000001,0.1260693,0.5127459,0.5233717000000001,0.47735023,0.33516145,0.062432535,0.10217351,0.47568694,0.12085446,3.0,0.5005055,0.62625927,0.5275067,cluster1_pred,2.0,2
0.46137023,0.71792597,0.72654986,0.7294215999999999,0.72300017,0.7577972,0.028381053,0.5100929,0.5557893,0.5450495,0.46463323,0.5252948000000001,0.52104753,0.5137089,0.572723,0.66772443,0.6892348,0.76337636,0.6833354,0.5432422,0.50793064,0.5979693,0.5177292,0.38472828,0.5108646,0.938818,0.47191638,3.0,0.5240059,0.5039433,0.49549738,cluster0_pred,3.0,3
0.5398245,0.1947607,0.20017144,0.19321932,0.19257651,0.20642321,0.038880613,0.5036347,0.54770404,0.6236673,0.5013786,0.5025008,0.49851435,0.43318564,0.44957790000000003,0.4559822,0.47450435,0.2395165,0.228917,0.46767867,0.49526256,0.41663656,0.38875175,0.23125322,0.17285515,0.82794124,0.3366032,3.0,0.50731313,0.6022504,0.5429175,cluster1_pred,2.0,2
0.50705796,0.6875007,0.704187,0.7004518,0.7044383000000001,0.7332192,0.027810745,0.58267057,0.5503709,0.66880006,0.61634946,0.6005335,0.6043059000000001,0.58372563,0.58839506,0.63500136,0.6156735,0.69578767,0.7068025,0.74995416,0.7987883000000001,0.5027344,0.8111255,0.5094449000000001,0.5251378999999999,0.94332343,0.31163204,3.0,0.47511965,0.5295419,0.5265451,cluster1_pred,2.0,3
0.5442045999999999,0.77754,0.7944023,0.7881878000000001,0.7974720000000001,0.84143716,0.01562713,0.5976578,0.58864456,0.6675755999999999,0.6755099,0.62803644,0.6428672,0.6421879,0.7158501,0.7354957,0.7285713,0.8222867,0.74641705,0.49674398,0.41547647,0.6817694999999999,0.59376156,0.6583681,0.7053891999999999,0.95063853,0.37285924,3.0,0.5353178,0.50616235,0.52238935,cluster0_pred,3.0,3
0.5480494,0.11932099,0.11968397,0.11880997,0.11892656,0.12747766,0.07375318,0.49211976,0.52807736,0.6432359000000001,0.60005313,0.5738675999999999,0.6134418,0.5858464,0.5924368,0.6128866999999999,0.6249104999999999,0.11976828,0.101875976,0.54034925,0.5145079,0.5747281,0.55513966,0.6503973000000001,0.66572773,0.7841734,0.15725887,3.0,0.50614035,0.4644544,0.5926713,cluster2_pred,,1
0.56730807,0.52883404,0.53264374,0.5370618,0.5310993,0.55035156,0.02426351,0.5176068,0.48477349999999997,0.6375781,0.58929616,0.5811873000000001,0.55455756,0.5466015000000001,0.5597469,0.59023774,0.59767365,0.56415755,0.5102247,0.49234235,0.4487691,0.59266776,0.48314714,0.41411808,0.39108825,0.9278598,0.31832913,3.0,0.5165686,0.52292645,0.5522006,cluster2_pred,,3
0.49540973,0.05981077,0.05924356,0.05664909,0.057652216,0.061797544,0.16285093,0.4871848,0.48461834,0.61027825,0.55071586,0.54641885,0.54448533,0.5261975,0.5300618,0.5680568,0.58006895,0.065209545,0.07179626,0.5425331999999999,0.5377712,0.52712464,0.39884463,0.053421553,0.12729463,0.37524718,0.06754324,3.0,0.5070483,0.6355175,0.5257501,cluster1_pred,2.0,1
0.5833425999999999,0.7682557,0.7650481,0.7543356999999999,0.76269394,0.769131,0.025381591000000002,0.5378918,0.5093647,0.6432359000000001,0.54776764,0.6178836999999999,0.62909013,0.6208338000000001,0.6145898,0.7676464,0.7219621,0.803232,0.69943875,0.3932897,0.2485545,0.7787168999999999,0.5075029999999999,0.6552209,0.7224829,0.9714486999999999,0.77158356,1.0,0.532857,0.5141487,0.54370546,cluster2_pred,,1
0.6154758,0.7805456000000001,0.78004026,0.7716524,0.76577836,0.8079852,0.018218651000000002,0.46645498,0.49891666,0.55196273,0.57274157,0.54154575,0.48624453,0.447068,0.47512597,0.49462825,0.48020219999999997,0.8630584000000001,0.7809009,0.38712904,0.36782858,0.48627707,0.37455043,0.31822023,0.36179516,0.95069116,0.43322134,1.0,0.55129236,0.49932837,0.49380916,cluster0_pred,3.0,1
0.5151496,0.023142861,0.023039163999999997,0.022659631,0.02294015,0.0245896,0.18638004,0.5069246000000001,0.50424504,0.6349965,0.5772821,0.5720377,0.5739068,0.53934044,0.5391161999999999,0.5670823,0.5810031,0.031324215,0.036661774,0.51932025,0.51231956,0.52117795,0.38196224,0.142125,0.15026326,0.22676864,0.0388268,3.0,0.5051603,0.62404865,0.530189,cluster1_pred,2.0,3
0.5184396,0.09557701,0.095447965,0.09431307,0.09387351,0.10062323,0.12825052,0.52666456,0.54630214,0.6473555999999999,0.59815556,0.5766125,0.5858591999999999,0.5474285,0.58338237,0.6080139,0.62117374,0.10975773,0.078675,0.47849697,0.44843805,0.55484945,0.45653304,0.31270912,0.24739015,0.4501062,0.12776184,3.0,0.5021919,0.57698923,0.5574886,cluster1_pred,2.0,1
0.5184396,0.16620782,0.16725834,0.1552491,0.15363863,0.1646856,0.07109752,0.48389477,0.38508317,0.51758474,0.47860748,0.44485834,0.49667552,0.48373553,0.4747291,0.5456419,0.5342932,0.15085189,0.21039198,0.67565215,0.7254,0.46505323,0.53172904,0.06424303,0.1960029,0.8328169,0.31467336,3.0,0.48740628,0.635052,0.52249473,cluster1_pred,2.0,2
0.54168075,0.66788065,0.6823902,0.6764068,0.6801651999999999,0.67305785,0.046970955999999994,0.64821255,0.5683915,0.6846974,0.61239225,0.5451545,0.67172515,0.8064137,0.74752593,0.78505135,0.87193567,0.65668195,0.6115685000000001,0.6054371000000001,0.5027754,0.7831828000000001,0.65000904,0.43782806,0.5198587,0.9681241,0.6761077,3.0,0.49177492,0.5016772,0.5394485,cluster2_pred,,3
0.494075,0.6141386999999999,0.6237938000000001,0.6219435000000001,0.6296199,0.62732065,0.023881862,0.56509864,0.58356625,0.70494634,0.61340946,0.5747376999999999,0.5378428000000001,0.49096712,0.5280425,0.593116,0.6366835999999999,0.64963424,0.6483102,0.5654524000000001,0.5604676,0.5386116,0.59269744,0.44004375,0.25644767,0.96233106,0.32422674,3.0,0.5237668,0.54188704,0.53359926,cluster1_pred,2.0,3
0.42796507,0.14907609,0.15678599999999998,0.12248451,0.12164316,0.13038959,0.19653897,0.32433075,0.36826035,0.51861465,0.39606243,0.37257653,0.38266745,0.30175576,0.36305773,0.42187247,0.42312340000000004,0.15871970000000002,0.20806058,0.6123502,0.6925259,0.36452249999999997,0.38568420000000003,0.015737312,0.017767066,0.8038278,0.36371922,2.0,0.47807086,0.69813144,0.5099091,cluster1_pred,2.0,1
0.58236873,0.5942343000000001,0.59633553,0.5958706,0.6019199000000001,0.62381727,0.026508052,0.5100757,0.5900251,0.72056043,0.66139764,0.6984676,0.7338608,0.65305096,0.6490952,0.69731253,0.73623717,0.57288975,0.5646106,0.66341174,0.6074425999999999,0.7031765999999999,0.7739031,0.8662328000000001,0.8319184000000001,0.9354814,0.36357802,1.0,0.48356125,0.5054347,0.5703733,cluster2_pred,,1
0.45757487,0.336924,0.33780798,0.33805725,0.33565059999999997,0.35978466,0.056265182999999996,0.5694343000000001,0.54770404,0.77300686,0.67216146,0.6845777,0.63091075,0.62527543,0.61758804,0.6538184,0.6183711,0.36692536,0.28062224,0.3617723,0.26820686,0.64553326,0.47809398,0.7928006999999999,0.58224875,0.8747901,0.33418354,3.0,0.51443523,0.47983488,0.6176099,cluster2_pred,,3
0.54300886,0.7483513,0.7441005,0.74390656,0.7341373000000001,0.7241744999999999,0.03924724,0.3937713,0.35910547,0.53901696,0.58085585,0.61870027,0.6914935999999999,0.6627458,0.73201907,0.75044405,0.77410245,0.7635648,0.6866273,0.45240808,0.254241,0.93033564,0.5291208000000001,0.6426633,0.8572463,0.9792995000000001,0.5472923000000001,3.0,0.52236664,0.5337835,0.5323887,cluster1_pred,2.0,1
0.47651812,0.79953414,0.8069430999999999,0.8134342,0.8106691999999999,0.8123094,0.015475741999999999,0.6047241999999999,0.48457965,0.57299906,0.534562,0.5204115,0.5270196,0.42077333,0.42538366,0.47656676,0.4109642,0.9017216,0.8600943000000001,0.37271106,0.35918388,0.46605033,0.37778318,0.18039228,0.15553074,0.9850747,0.55229944,3.0,0.54879886,0.49621782,0.4871354,cluster0_pred,3.0,2
0.620429,0.17071615,0.17234491,0.16780378,0.17446586,0.18701038,0.04740085,0.55956435,0.47901073,0.58864975,0.5089689000000001,0.48969132,0.45346278,0.43520758,0.44957793,0.48521903,0.44928098,0.24109915,0.23937328,0.29169688,0.24094456,0.5131760000000001,0.2876329,0.15736316,0.09315992,0.8176486,0.36119297,1.0,0.50308985,0.5894155,0.5587509,cluster1_pred,2.0,3
0.51441586,0.88626045,0.8918655000000001,0.88614845,0.8872011000000001,0.8919142,0.026942282999999997,0.41650048,0.56169844,0.7136895999999999,0.82857835,0.78765124,0.9483184000000001,0.64758146,0.59298027,0.37575755,0.39957070000000006,0.97084427,0.74920726,0.5001359999999999,0.5309392,0.42474586,0.5431915,0.8857379999999999,0.8251788000000001,0.9767867,0.93699795,3.0,0.4941511,0.49188426,0.5363244,cluster2_pred,,3
0.5176733,0.7295843000000001,0.7324944999999999,0.74071985,0.7372785,0.7700635,0.013398769,0.5854997,0.57469124,0.6648904,0.5857083000000001,0.60799485,0.6118035,0.5836051,0.6224961999999999,0.6241343,0.61384445,0.78338766,0.7336625,0.5622396,0.5787628,0.48743498,0.5887091999999999,0.44310504,0.45710266,0.94457644,0.28813684,3.0,0.51494,0.49539968,0.51402897,cluster0_pred,3.0,1
0.49885133,0.756501,0.76537895,0.7603226,0.7555156999999999,0.7971531,0.01719851,0.5101896,0.43679750000000006,0.59861326,0.501738,0.47217336,0.43826193,0.42118463,0.48206005,0.5147805999999999,0.50043964,0.8192003000000001,0.79194194,0.4806919,0.46591220000000005,0.5206376,0.41001853,0.16243061,0.14119728,0.9481801999999999,0.38233098,3.0,0.5320286,0.5132822,0.49755728,cluster0_pred,3.0,1
0.5730555,0.55840635,0.56208354,0.5637141,0.55737144,0.5750593,0.030508585,0.47557715,0.50791603,0.6432359000000001,0.6844293,0.67961496,0.6468855,0.6830670999999999,0.71293956,0.72087747,0.8012604,0.5116102,0.5135074000000001,0.7422058000000001,0.6904752,0.73111784,0.79345995,0.59627193,0.6124423000000001,0.92347836,0.32915659999999997,3.0,0.4683291,0.49958205,0.5629922,cluster2_pred,,2
0.42208064,0.7529009,0.75146043,0.76157814,0.7555548000000001,0.78916377,0.021454731,0.5009832999999999,0.5220345999999999,0.6688864999999999,0.6015745,0.61494595,0.646778,0.63229907,0.6348722,0.6629918,0.73548275,0.77876294,0.7012932,0.5508571999999999,0.48784393,0.6655476,0.61791146,0.82625556,0.83882385,0.9402351999999999,0.35014972,2.0,0.5145681,0.5297165,0.533367,cluster2_pred,,2
0.5275099,0.8726117,0.86865336,0.85544044,0.8606434000000001,0.8624561,0.036543623,0.42115632,0.2064605,0.37505963,0.376585,0.38751596,0.39184759999999996,0.400179,0.39063478,0.47052482,0.5028036,0.9816884,0.94203913,0.46338445,0.48355603,0.43168747,0.34393233,0.28982723,0.5681466,0.990823,0.6194533,3.0,0.50818765,0.5438338,0.50548035,cluster1_pred,2.0,1
0.41948178,0.7892617,0.7848276,0.7906375,0.7802669,0.82327753,0.008614134,0.47941315,0.5831224,0.66554695,0.61852014,0.5433478,0.6148015,0.56354225,0.5058354,0.53589225,0.56667155,0.85558444,0.7460428000000001,0.40461199999999997,0.3639366,0.54397833,0.44944093,0.5949019,0.48878019999999994,0.9509827,0.43021628,2.0,0.553383,0.5067078,0.5289187,cluster0_pred,3.0,2
0.44277003,0.11511318400000001,0.12207765,0.11605407,0.12073762,0.12941894,0.03104769,0.52337456,0.5392925999999999,0.6731038,0.58677,0.55282354,0.49575606,0.46351552,0.49384403,0.53004885,0.5268195999999999,0.1677999,0.1428124,0.35479320000000003,0.30973423,0.5302441,0.30044004,0.3841151,0.23380476,0.8121265000000001,0.2530578,2.0,0.50920004,0.55264825,0.59282595,cluster2_pred,,3
0.46321544,0.77212995,0.78422916,0.78420705,0.7902276999999999,0.83379096,0.007974488,0.6251941,0.55551416,0.68481606,0.64094245,0.6965078,0.691755,0.6680706999999999,0.6633462,0.6827154999999999,0.63658273,0.82660025,0.74205005,0.45617387,0.37831315,0.6544838000000001,0.5611308,0.83068126,0.9121353000000001,0.9512318000000001,0.3797247,3.0,0.5293261,0.51542455,0.52626693,cluster0_pred,3.0,2
0.48224983,0.13194436,0.14092788,0.13075222,0.14277224,0.15303789,0.13755746,0.5727241999999999,0.5449002,0.6298469,0.59530914,0.59033686,0.57850385,0.57472545,0.555213,0.6294543,0.6576075,0.12599462,0.15041232,0.59601325,0.58225584,0.57348883,0.640371,0.35642624,0.36051014,0.7930833,0.1993125,3.0,0.51154345,0.58551174,0.55862033,cluster1_pred,2.0,3
0.48134872,0.6206786999999999,0.6218123000000001,0.6233920000000001,0.6279064999999999,0.6535048999999999,0.017339788000000002,0.5463764,0.62383175,0.7218226,0.66432303,0.69389933,0.69305587,0.6773191,0.7064043999999999,0.7537202,0.74583185,0.6089756,0.57730544,0.6305224,0.5777936,0.6799523000000001,0.7920832,0.8963948,0.8854146,0.93480015,0.2768187,3.0,0.4943123,0.5041565,0.5656074,cluster2_pred,,3
0.43227023,0.63574916,0.6416275,0.6372975000000001,0.63932914,0.632567,0.031937823,0.52296513,0.4542911,0.58194506,0.4604402,0.45066863,0.43114033,0.36490968,0.35572776,0.45839408,0.47051057,0.6885111,0.69763875,0.5730015,0.6227281,0.41595748,0.45732042,0.09491544,0.08376844,0.96085393,0.5498134,2.0,0.49603766,0.5727803,0.49322507,cluster1_pred,2.0,2
0.46549866,0.5302558,0.5357576000000001,0.53677213,0.5365251,0.548009,0.026698153,0.5115403000000001,0.5016732,0.6153392,0.5352803,0.5159272,0.48938775,0.51209545,0.5189491,0.5349158,0.5902013,0.57288593,0.5655073,0.5706477,0.59164333,0.48113877,0.5058123999999999,0.17536661,0.21191149999999997,0.92428225,0.34005234,3.0,0.4935492,0.567157,0.51935047,cluster1_pred,2.0,3
0.51679456,0.11511318400000001,0.11489660000000002,0.10962363,0.112889685,0.12100672,0.08570249,0.46086493,0.51966596,0.6308768,0.5877188,0.6031463,0.57758445,0.5251865,0.5441465,0.5670823,0.57259536,0.121082254,0.12692989999999998,0.52729297,0.50709355,0.55545616,0.49800953,0.633558,0.6728754,0.78732955,0.19512466,3.0,0.5051274,0.46837705,0.58262414,cluster2_pred,,3
0.4783238,0.7395364999999999,0.73645747,0.73840225,0.7372785,0.7674251999999999,0.013817111000000002,0.4949598,0.5207292,0.64607686,0.57099324,0.5399718000000001,0.5087947,0.48985392,0.5551005,0.57497454,0.562427,0.77643734,0.75647074,0.6386986,0.68812746,0.44809738,0.59782374,0.24481201,0.15920810000000002,0.9436621999999999,0.28615502,3.0,0.5060673,0.5374697,0.51896197,cluster1_pred,2.0,2
0.49833992,0.88682914,0.9153607,0.8983158000000001,0.92432475,0.92928135,0.09588656,0.9104575,0.8929886999999999,0.9351164000000001,0.85639495,0.7746455,0.7841391,0.8092518,0.8039107,0.84588754,0.8776178,0.8605254999999999,0.79352546,0.6327951,0.5338337,0.7877405,0.82159954,0.64819485,0.43800348,0.99513054,0.56948954,3.0,0.54711634,0.5425375,0.50486845,cluster0_pred,3.0,2
0.5875292,0.13525048,0.13464446,0.13381432,0.13462245,0.14430211,0.086960405,0.5069246000000001,0.547704,0.6648644,0.58677,0.5930818,0.5739066999999999,0.53226346,0.577346,0.59144634,0.5688585,0.13576189,0.14712939,0.5646767,0.566366,0.522837,0.5712461,0.44154185,0.29012123,0.7804003,0.17087653,1.0,0.5070752,0.56930846,0.5713422,cluster2_pred,,2
0.54475945,0.31979224,0.31776094,0.3046802,0.30154222,0.3232238,0.057138268,0.40658027,0.44957083,0.58041036,0.5326888000000001,0.48969132,0.4709318,0.42408657,0.44052348,0.46865147,0.4623598,0.38933513,0.32588520000000004,0.30310570000000003,0.25910604,0.50305367,0.17324556,0.10872701,0.10521238,0.86871064,0.26248226,3.0,0.5422931,0.5721296,0.53556436,cluster1_pred,2.0,1
0.5361097,0.612717,0.6249260999999999,0.6225229,0.62704974,0.6247548,0.036915448,0.56509864,0.6305064,0.7466911,0.7053709,0.6214974,0.6293871999999999,0.59252036,0.6299848000000001,0.5991269,0.59881794,0.6563595,0.62827176,0.5194502999999999,0.5024997999999999,0.5442031999999999,0.59777945,0.76223034,0.5154603,0.9646618,0.32307607,3.0,0.5230591,0.51620114,0.56489754,cluster2_pred,,1
0.5365344,0.07333582,0.07240880000000001,0.07195965,0.0712352,0.07635718,0.08351284,0.49047476,0.50424504,0.63602644,0.56399894,0.56014323,0.5527601,0.53125244,0.50893474,0.53394717,0.5305564,0.09309176,0.08920483,0.46182847,0.43850538,0.53132373,0.29128188,0.27659422,0.22713643,0.43073285,0.09688792,3.0,0.5047823,0.56517816,0.5584022,cluster1_pred,2.0,3
0.5414694,0.11661597,0.12267607,0.118503764,0.12405791,0.13297796,0.054236457,0.5398245,0.52807736,0.63705635,0.60005313,0.5894219,0.60056996,0.5807914000000001,0.5924368,0.6031411,0.6062265,0.11597606,0.12532668,0.5575498000000001,0.5338535,0.57801235,0.6342368,0.488774,0.5895439,0.48738444,0.07653710000000001,3.0,0.49624637,0.49039048,0.56841105,cluster2_pred,,2
0.5384076,0.48077914,0.47914267,0.47130027,0.4651334,0.47719579999999995,0.03997587,0.39817047,0.44439104,0.65351045,0.60991466,0.6027619000000001,0.6107034,0.5613944000000001,0.54063815,0.5858941999999999,0.56894755,0.49499443,0.44476297,0.50913715,0.46330312,0.60592604,0.4839443,0.7895287,0.7819341999999999,0.91667044,0.26140925,3.0,0.5048609,0.50735605,0.57165086,cluster2_pred,,3
0.602645,0.76313746,0.768728,0.77258664,0.7721177,0.80647326,0.021687302999999998,0.5237426,0.6629845999999999,0.75533694,0.6873411,0.6841503999999999,0.73048323,0.71503526,0.69963956,0.70782274,0.738726,0.78115815,0.7141960999999999,0.6098649,0.5784535,0.6208640999999999,0.787092,0.8310295,0.7943161999999999,0.94819915,0.32647353,1.0,0.5072231,0.50393206,0.5483453,cluster2_pred,,2
0.50856966,0.022541745,0.023637582999999997,0.022353422,0.024147525,0.025883787999999998,0.13169229999999998,0.5151496,0.52106786,0.63808626,0.58202606,0.5766125,0.57850385,0.55248344,0.5491767,0.5768279000000001,0.58006895,0.03124535,0.034625232,0.5184166,0.5094207000000001,0.52535003,0.41507483,0.18556197,0.14627838,0.23339517,0.03751364,3.0,0.5037784,0.6087428,0.5386388,cluster1_pred,2.0,2
0.5069246000000001,0.022541745,0.021842325,0.022353422,0.021732772,0.023295407999999997,0.1883871,0.5003447,0.5056469,0.6349965,0.58202606,0.5766125,0.5720679,0.5474284,0.55219483,0.5846244,0.5922135000000001,0.03038719,0.02940817,0.5156345999999999,0.50276893,0.53294915,0.36697024,0.23158850000000003,0.31440967,0.21668632,0.029052217,3.0,0.50522894,0.5815128,0.54145455,cluster1_pred,2.0,1
0.5003447,0.07994807,0.081684306,0.076552816,0.07938499,0.085092954,0.21341044,0.5184396,0.54910594,0.6731038,0.6389537,0.6315101,0.63826615,0.61920935,0.6095396,0.647971,0.6594759,0.06326866,0.05635381,0.56564105,0.5323978,0.6039194999999999,0.8041710999999999,0.88320655,0.85060567,0.40732056,0.067593895,3.0,0.5072469,0.44742,0.57355875,cluster2_pred,,1
0.47402483,0.11691652,0.119983174,0.118197545,0.11983210000000001,0.12844831,0.11647081,0.51843965,0.51966596,0.6689841,0.6076435,0.5793574,0.5739068,0.55854946,0.5572251,0.6440726999999999,0.6286473000000001,0.09328425,0.130878,0.6399538,0.63597524,0.57195723,0.77530724,0.7400126,0.5519052,0.5142109,0.12156046,3.0,0.4992432,0.5069796,0.57372266,cluster2_pred,,3
0.5546116,0.53423667,0.53179455,0.5344545,0.52681583,0.5380768,0.02833974,0.43727967,0.47509286,0.61905885,0.5558386,0.5597091,0.5118007,0.49657702,0.53257316,0.58946913,0.6070694999999999,0.55592114,0.5210258,0.5933158000000001,0.6039111999999999,0.51599365,0.5274218,0.28717402,0.30439076,0.92513627,0.34695834,3.0,0.4991699,0.5445289,0.53317225,cluster1_pred,2.0,3
0.49023744,0.8660716999999999,0.8615765,0.86529016,0.85464644,0.89891094,0.015950998,0.43218708,0.54940987,0.56863195,0.5532199999999999,0.56419355,0.5686513000000001,0.5567441,0.5718135999999999,0.6027935999999999,0.60882944,0.8740771,0.83799213,0.68635255,0.7015786999999999,0.54984844,0.6171094,0.29431015,0.45390649999999994,0.9504611,0.34899864,3.0,0.50453806,0.5122912,0.5235674,cluster2_pred,,3
0.6463868,0.6292091999999999,0.62888914,0.6323726,0.6233373999999999,0.6284065999999999,0.005591849,0.4660515,0.36192644,0.49177435,0.42430502,0.39362675,0.33490577,0.2847314,0.27385697,0.24822114,0.3464461,0.7988021,0.7004676999999999,0.21997784,0.25601414,0.27854090000000004,0.26918182,0.022058842999999998,0.07171805,0.9554860000000001,0.6674829000000001,1.0,0.5321005,0.53851414,0.49586278,cluster1_pred,2.0,3
0.5184396,0.09317256,0.09604638,0.093394436,0.097193785,0.10418225,0.06389154,0.5365345,0.52947927,0.67104393,0.59910434,0.586677,0.5812621,0.55450547,0.57533395,0.6060648,0.6071607,0.10342578599999999,0.10034744400000001,0.51882386,0.5028702,0.5416028,0.5201313,0.5606317,0.32545835,0.50418097,0.06934963,3.0,0.50281316,0.527898,0.57616866,cluster2_pred,,3
0.5217295,0.07153248,0.07300722,0.072572075,0.07425364,0.079592645,0.089883305,0.53159946,0.55471355,0.6731038,0.5905651999999999,0.5848471,0.5729873000000001,0.5423734,0.5542069000000001,0.60411566,0.6174369000000001,0.06539802,0.082012825,0.5595874,0.54676855,0.5538839,0.64453113,0.5250402,0.2750364,0.39763105,0.06593026,3.0,0.5035657,0.5608762,0.56553966,cluster2_pred,,3
0.48095119999999997,0.76427484,0.7749557,0.7786704000000001,0.7795424,0.77927893,0.040194865,0.58851933,0.6320720000000001,0.7287865,0.6881079999999999,0.69357127,0.71970123,0.6828482,0.7412978,0.76361644,0.75605875,0.7316168000000001,0.7336625,0.83014596,0.84313744,0.6238479,0.9494756999999999,0.87713134,0.8097667,0.9877444,0.32318009999999997,3.0,0.46978363,0.5128004,0.53075266,cluster2_pred,,1
0.48718476,0.09888313,0.09754243,0.09400686,0.09266613,0.09932904,0.16309997,0.46744490000000005,0.46499172,0.6092483,0.5431255,0.5409291,0.5527601,0.5272085,0.5290557,0.5534384,0.55858237,0.10757758,0.109925225,0.5342437,0.53141814,0.51868683,0.36018598,0.13415746,0.24065748,0.47292113,0.058388177,3.0,0.50618136,0.6006992,0.53767645,cluster1_pred,2.0,2
0.58259416,0.114812635,0.118487135,0.11482923,0.11892656,0.12747766,0.05163049,0.5250195,0.50564694,0.68752277,0.5905651999999999,0.59033686,0.63183016,0.6040444,0.61054564,0.67428416,0.6622785,0.12317953,0.09508366,0.44476876,0.35949686,0.66612774,0.48884952,0.8384995000000001,0.7507894,0.8313457000000001,0.2209458,1.0,0.5023419,0.4193437,0.62044,cluster2_pred,,3
0.49701428,0.6172666,0.62209535,0.6225229,0.62190956,0.6174179,0.018040106,0.49845788,0.5833355,0.7074455,0.69745916,0.6832208000000001,0.6849363,0.6563241,0.5997253,0.64619005,0.66118675,0.62618953,0.57295287,0.5229581,0.44399160000000004,0.6890092,0.6236616999999999,0.88832295,0.7709796999999999,0.9615639000000001,0.40535313,3.0,0.5121971,0.5182803,0.58596027,cluster2_pred,,2
0.5332445,0.10339148,0.10382584,0.10503046,0.10323067,0.1106532,0.040078722000000004,0.50527966,0.5126564,0.6349965,0.57823086,0.5720377,0.57942325,0.5514724,0.53207386,0.56610775,0.5641875,0.12069996,0.11449123,0.49513456,0.4796722,0.52912754,0.29601556,0.28878814,0.3646531,0.48222184,0.06295255,3.0,0.50522727,0.5329544,0.56406075,cluster2_pred,,1
0.5135046,0.057706874000000005,0.057448305,0.05756772,0.05855775,0.06276818,0.0913059,0.49869972,0.53088117,0.63190675,0.56874293,0.54550385,0.5582766,0.52013147,0.5330799,0.57585335,0.5753979,0.074693434,0.06334376,0.49814179999999997,0.48757443,0.51927006,0.36448118,0.28183952,0.22027516,0.36054844,0.06574494,3.0,0.50529575,0.5745202,0.55636805,cluster1_pred,2.0,3
0.4871848,0.067925796,0.06851907,0.06644785,0.06942413,0.074415885,0.07388348,0.5184396,0.53368497,0.64426583,0.58677,0.5848471,0.58126205,0.53226346,0.54213434,0.5524638000000001,0.55017453,0.09799076599999999,0.06969234,0.45225295,0.4378247,0.50621104,0.25384045,0.5651446,0.48678553,0.45749718,0.08201313,3.0,0.50830835,0.48954198,0.5751647,cluster2_pred,,2
0.5607493,0.61612916,0.6271906999999999,0.6268683,0.6313333000000001,0.6290312,0.025383903,0.57089686,0.56750774,0.67862827,0.64016235,0.65132684,0.6666541,0.6816031,0.68317306,0.72192323,0.7329924,0.6559674,0.5835155,0.55248994,0.5175268,0.6015925,0.6603409,0.92885196,0.9764218000000001,0.9612982,0.307218,3.0,0.50141317,0.5088361,0.5575971,cluster2_pred,,3
0.32823467,0.7685401,0.7732571999999999,0.7381125,0.74784446,0.75413567,0.04049793,0.44962883,0.41556847,0.5825435999999999,0.65550315,0.56384856,0.3754627,0.24131086,0.19048677,0.16941008,0.20342976,0.9161231,0.82046247,0.24528901,0.30337054,0.23978068,0.35096943,0.34953340000000005,0.30978864,0.96780074,0.95012957,2.0,0.5307026,0.53616786,0.527953,cluster1_pred,2.0,2
0.5276301,0.73328084,0.7446666999999999,0.7427477,0.74327546,0.74952185,0.01940896,0.48950922,0.67554694,0.70841044,0.68983424,0.70350933,0.8019958,0.655976,0.5509271,0.5494519,0.52540475,0.86087954,0.6273599,0.19907385,0.10289846,0.5736639,0.45514104,0.8529904,0.8213473,0.96845293,0.89948046,3.0,0.5391546,0.5369548,0.597032,cluster2_pred,,2
0.48560986,0.72645646,0.73957133,0.73173916,0.7464166999999999,0.73631084,0.035856016,0.5358345,0.56944793,0.60999364,0.51464266,0.5229224,0.6136964,0.63893384,0.72061014,0.73429096,0.7961057,0.7590260999999999,0.70244014,0.48052177,0.3225484,0.85103226,0.5678426,0.30226335,0.45021847,0.98334354,0.52582014,3.0,0.5373101,0.50795436,0.5041818,cluster0_pred,3.0,3
0.43508524,0.55243504,0.56038505,0.5625553000000001,0.5587993,0.57653415,0.023412093999999998,0.51156884,0.5692629,0.7418258000000001,0.5564119000000001,0.5786849000000001,0.5773153,0.5411268,0.5790311,0.57694507,0.5713079000000001,0.5843282,0.5709733,0.63146347,0.6763361999999999,0.45514864,0.60873824,0.56920296,0.40467152,0.92435884,0.33427638,2.0,0.49746305,0.532325,0.54813033,cluster2_pred,,3
0.4855398,0.20017071,0.20047064,0.19964975,0.19921708,0.21354125,0.09621765,0.49705470000000007,0.45658022,0.61439794,0.56874293,0.5564834,0.5720679,0.54439545,0.5632614,0.61093754,0.6137001,0.20887801,0.18922366,0.5959251999999999,0.6100327,0.5091376,0.56192166,0.37598246,0.55970037,0.7431933000000001,0.17764997,3.0,0.49246132,0.52131903,0.56137264,cluster2_pred,,3
0.52337456,0.24465309,0.24385607,0.23425162,0.2330236,0.24977855,0.067597955,0.43783500000000003,0.40891550000000004,0.5392132,0.39701116,0.33780807,0.28061187,0.25524977,0.25339839999999997,0.34293290000000004,0.31755885,0.33603957,0.32822797,0.29076532,0.29541567,0.38486633,0.20268443,0.034125146,0.007091923000000001,0.8485459000000001,0.37074897,3.0,0.5059345,0.616134,0.5387341,cluster1_pred,2.0,1
0.49047473,0.06522079,0.069117494,0.06675406,0.070329666,0.07538654,0.12722431,0.5200846,0.53929263,0.6494154999999999,0.58392364,0.57569754,0.576665,0.55450547,0.5471646,0.57098055,0.58660835,0.07955234,0.07748250000000001,0.5180397,0.508799,0.52573454,0.4609862,0.3742236,0.21709664,0.34920672,0.049957562000000004,3.0,0.4987185,0.5799958,0.55420285,cluster1_pred,2.0,2
0.5184396,0.1157143,0.11489660000000002,0.11268575,0.11138046,0.119388975,0.066957444,0.48389477,0.4804126,0.6236673,0.54692066,0.5464188,0.5463241999999999,0.5140655,0.5200013,0.5778025,0.5912793000000001,0.12685412,0.12752767,0.51322657,0.4987781,0.53544927,0.35704115,0.28149784,0.25356522,0.4939559,0.10889480000000001,3.0,0.50446934,0.5614293,0.5610815,cluster1_pred,2.0,1
0.49047476,0.044782937,0.044582274000000005,0.042257152,0.04225817,0.04529663,0.17454052,0.5102146,0.52807736,0.6483856,0.59815556,0.5857621000000001,0.5849398,0.55753845,0.5783520999999999,0.60411566,0.6183711,0.0400141,0.038156614,0.51361704,0.47819823,0.58403355,0.49598628,0.5691688,0.48110795,0.31186333,0.036209445,3.0,0.50568634,0.5155612,0.56221414,cluster2_pred,,1
0.5158537999999999,0.8512856,0.85563195,0.84182465,0.83065885,0.83236814,0.018771047,0.38473353,0.40884224,0.5784724,0.44633028,0.46530867,0.4700197,0.44136825,0.4547877,0.5533857,0.5284524,0.9119347,0.8798370999999999,0.43761247,0.38699508,0.5827226,0.38361344,0.20985883,0.25256827,0.98958963,0.56586176,3.0,0.5421528,0.50885284,0.4890866,cluster0_pred,3.0,3
0.5266645000000001,0.10880149,0.112203725,0.10533667,0.104136206,0.111623846,0.07077712,0.5036347,0.49723549999999994,0.6185177,0.5744357,0.50707555,0.5040309000000001,0.4685706,0.4868017,0.56123495,0.59034514,0.10920568,0.14800371,0.6030227,0.63860285,0.46297884,0.5306502,0.23579817,0.22849028,0.8065946999999999,0.2793167,3.0,0.51205134,0.6155911,0.55614877,cluster1_pred,2.0,2
0.46908984,0.17642674,0.175337,0.17607148,0.17386219,0.18636328,0.06454447,0.4888298,0.51546025,0.63705635,0.58677006,0.5994865,0.59781164,0.55349445,0.5401223,0.585599,0.5987529,0.19408476,0.16048366,0.4931348,0.469159,0.54781824,0.42670068,0.71324617,0.7165834,0.70905113,0.12047769,3.0,0.49924085,0.44749257,0.5855941,cluster2_pred,,3
0.5167946,0.07904639999999999,0.07839299999999999,0.07777766,0.07666839,0.08218102,0.11091478,0.50198966,0.5042449999999999,0.63396657,0.5858211999999999,0.5793574,0.57022905,0.54338443,0.5592372,0.5933955,0.61837107,0.07415341,0.06652326,0.5661759,0.5581664000000001,0.5459385,0.5931218,0.521362,0.5352279999999999,0.38773403,0.06354971,3.0,0.50230896,0.5093677,0.5642107,cluster2_pred,,1
0.534486,0.70240086,0.7004504,0.6938747,0.6876008000000001,0.7254705,0.021334255,0.41300273,0.38986328,0.54486406,0.4615653,0.45235303,0.40204862,0.3584679,0.39587542,0.44760653,0.42132953,0.80956405,0.72549105,0.35355005,0.35742593,0.41671237,0.20528491,0.08156942,0.053423766,0.94603574,0.35365307,3.0,0.5497957,0.5219649,0.48311123,cluster0_pred,3.0,1
0.43948004,0.20978853,0.2232106,0.21281683,0.21732773,0.23295410000000003,0.0397641,0.5398245,0.5547135999999999,0.6700141,0.5611526,0.54001415,0.5040309000000001,0.5029445,0.5220134,0.66941136,0.58380574,0.26627454,0.19706555,0.32263955,0.24248488,0.59584755,0.37848909999999997,0.27954152,0.19459204,0.8241949000000001,0.37341148,2.0,0.513452,0.56187695,0.57704425,cluster2_pred,,3
0.6597465,0.9058805,0.9422528,0.9159874,0.9428866,0.9428186,0.03790872,0.51583874,0.61596775,0.7806635999999999,0.5908525,0.6628480999999999,0.5970204000000001,0.5631348,0.5634958000000001,0.5741559,0.59879726,0.9652408000000001,0.9753079,0.76413167,0.8700667,0.37773898,0.6427929,0.73535556,0.5597345,0.9962655,0.8073326999999999,1.0,0.49938503,0.47580156,0.53475577,cluster2_pred,,3
0.50527966,0.12863824,0.12746342,0.11727892,0.11953024599999999,0.12812476,0.22556747,0.44441503,0.4509727,0.5835001,0.5402791,0.5354393,0.5141444000000001,0.5049665,0.5200013,0.57682794,0.5800689,0.14533399,0.14165595,0.49561012,0.47622678,0.5384044,0.33361405,0.22313577,0.30559346,0.6371279000000001,0.12570187,3.0,0.5166319,0.5858069,0.54241073,cluster1_pred,2.0,3
0.46908993,0.28582934,0.28574547,0.26609758,0.26350987,0.28245685,0.13168363,0.34736052,0.28554809999999997,0.40738246,0.39606243,0.38996074,0.43599382,0.34927270000000005,0.32482785,0.40140662,0.4035052,0.34311473,0.33919728,0.37401113,0.33703816,0.5207832,0.2676832,0.054633383,0.25207436,0.85872835,0.36995894,3.0,0.4913372,0.57020366,0.5014336,cluster1_pred,2.0,3
0.4937647,0.13855661,0.14272313,0.14146961,0.14397961,0.15433209,0.08333834,0.53817946,0.5449002,0.6834031,0.5924628000000001,0.5793574,0.5849398,0.55652744,0.5411283,0.58657354,0.5791347,0.16932106,0.15504365,0.44160128,0.40860218,0.54397106,0.3691223,0.5874696999999999,0.3413788,0.6664353,0.12139048,3.0,0.50694144,0.52566373,0.5888596,cluster2_pred,,1
0.47895986,0.2037774,0.21872245,0.20148702,0.21008347,0.22518896,0.06477011,0.5184396,0.5042449999999999,0.6504454000000001,0.6228241999999999,0.63425493,0.6345885,0.64044034,0.60450935,0.5680568,0.5800689,0.2359034,0.17959227,0.48662668,0.46442348,0.5406115,0.5016172000000001,0.6292098,0.7031788,0.83699596,0.35419676,3.0,0.48818177,0.45432836,0.58683354,cluster2_pred,,2
0.60034543,0.785601,0.7899586,0.79779047,0.7972476,0.7988414,0.017774597,0.5828711,0.578942,0.60127646,0.54548633,0.5584974,0.6174061,0.6034351,0.5955679,0.5766899999999999,0.5673397,0.87895596,0.8147173000000001,0.36978779999999994,0.3117078,0.5674741,0.42870086,0.38333338,0.484418,0.9867744,0.5192991,1.0,0.54967165,0.48972642,0.49681705,cluster0_pred,3.0,3
0.5677893,0.18273842,0.18371488,0.17178452,0.1699382,0.18215716,0.102796994,0.47073486,0.52667546,0.66692424,0.6010019,0.59765655,0.59597284,0.5737144000000001,0.73529565,0.83508694,0.84725,0.12019468,0.10995552,0.71186084,0.67509425,0.6820546,0.7856085999999999,0.6851064,0.71364444,0.843726,0.29939568,3.0,0.49209434,0.48110974,0.58755374,cluster2_pred,,3
0.5069246000000001,0.07093137,0.07091275,0.0679789,0.069122285,0.07409234,0.19403037,0.50034463,0.52387166,0.6463257,0.5924628000000001,0.59033686,0.59873104,0.5706814,0.5532009,0.59437,0.6062265,0.059743784,0.062059652,0.5597368,0.5391738,0.571828,0.6214915,0.72291106,0.70539916,0.38897806,0.07621983,3.0,0.5053932,0.47787085,0.5664538,cluster2_pred,,1
0.53982455,0.25697592,0.26480076,0.24251933,0.25928405,0.27792716,0.092413574,0.5365345,0.61920106,0.7730068,0.7698872,0.7477099,0.80100334,0.8062441,0.742338,0.7337324000000001,0.75289583,0.23115812,0.18393853,0.5767605,0.51030993,0.6858819,0.6914884,0.9475584,0.9507969000000001,0.8358469000000001,0.38361064,3.0,0.47411427,0.4119726,0.62160885,cluster2_pred,,1
0.5464044,0.1379555,0.13943182,0.13810128,0.13884826,0.14883178,0.08330454,0.49869972,0.5266754,0.65971476,0.59436035,0.5793574,0.5720679,0.5302415,0.53609806,0.5904718000000001,0.5903451,0.15239711,0.14809035,0.47508052,0.43366679999999996,0.5794195,0.40203676,0.5349444999999999,0.34125024,0.6658074,0.108418,3.0,0.50712174,0.52681184,0.58651125,cluster2_pred,,1
0.50095665,0.7199164,0.71777457,0.7204409,0.7161466,0.75061,0.0139997015,0.48725426,0.6271549,0.68518007,0.6701263000000001,0.66587347,0.6674173000000001,0.6531358,0.6323178,0.686667,0.6615654000000001,0.7525538,0.6698206,0.5001616,0.44561967,0.62172574,0.58150464,0.7454926,0.7677745,0.93599117,0.33857070000000006,3.0,0.52988535,0.51252276,0.5496152,cluster2_pred,,1
0.49826682,0.6951781,0.6965439999999999,0.69349897,0.6970135999999999,0.7056264,0.043043513,0.5012108000000001,0.50306416,0.60176677,0.5875196,0.66059864,0.6152816999999999,0.5857938,0.67599505,0.770925,0.7976445,0.6652093000000001,0.63552564,0.7287385999999999,0.67681,0.72512716,0.6944055,0.61649686,0.7368504,0.96746135,0.4696406,3.0,0.483675,0.5222103,0.5207266,cluster1_pred,2.0,1
0.5750143,0.58001685,0.58359724,0.58949727,0.58849823,0.584178,0.024398722,0.5504584,0.5267099000000001,0.6369053000000001,0.5424985,0.56672597,0.58079064,0.60572326,0.597959,0.6316423000000001,0.6989207,0.6157312,0.5574392,0.5232394,0.47620732,0.6154426,0.5451566,0.24064514,0.3862315,0.9596701999999999,0.31425035,1.0,0.50930965,0.530893,0.5265947,cluster1_pred,2.0,2
0.371931,0.5262749,0.5312284,0.53416485,0.53138494,0.5427508000000001,0.034417823,0.5026287,0.5193938,0.6516052,0.6320796999999999,0.5983691,0.6335114000000001,0.49677372,0.49736909999999995,0.56752264,0.6002625,0.5360742,0.48999062,0.6562541999999999,0.67325634,0.5313399000000001,0.6054644,0.7239999,0.5698854,0.9213130999999999,0.48379853,2.0,0.49214602,0.5195929,0.55534154,cluster2_pred,,3
0.5069247,0.13555105,0.13434525,0.12922116,0.12828372,0.13750762,0.12217995,0.47566980000000003,0.50564694,0.6102781999999999,0.5402791,0.5729526,0.5582766,0.49788950000000004,0.52704364,0.5612349,0.55577976,0.13168094,0.14847973,0.57338476,0.5775418999999999,0.52131057,0.5198936,0.25188413,0.39326036,0.7761809000000001,0.18972339,3.0,0.50913364,0.5751597,0.545661,cluster1_pred,2.0,2
0.52337456,0.07634138,0.076298535,0.07471555,0.07666839,0.08218102,0.09639331,0.50527966,0.49583358,0.6267571,0.58012843,0.5766125,0.5959728,0.5595604000000001,0.5733219,0.61970866,0.63892347,0.07175002,0.06500391,0.57058066,0.55784726,0.5589497,0.6137227,0.4189764,0.55553794,0.39573818,0.070055224,3.0,0.5025738,0.5114156,0.56452084,cluster2_pred,,1
0.44510695,0.6314695,0.64719105,0.6329387,0.6525869000000001,0.69177103,0.021206846,0.64363134,0.59868246,0.70232755,0.7162813,0.63368267,0.619491,0.62056655,0.61702406,0.7467326999999999,0.79289997,0.64070547,0.5707719,0.45292970000000005,0.29180133,0.8451038000000001,0.58276474,0.7251583,0.6053166999999999,0.94067115,0.59799016,3.0,0.53234947,0.5210972,0.58394486,cluster2_pred,,3
0.59118843,0.67271453,0.6707841999999999,0.6561279000000001,0.6484673000000001,0.64613646,0.045467466,0.54480577,0.6181542,0.70766884,0.6677502,0.66341984,0.624527,0.6174638000000001,0.6308716999999999,0.74296224,0.7473890000000001,0.6342034000000001,0.6014321,0.6560338000000001,0.62296844,0.6467851,0.759542,0.599491,0.5641451,0.9587540999999999,0.36616534,1.0,0.50053823,0.51636326,0.54779255,cluster2_pred,,3
0.59479165,0.85555077,0.8700688,0.8560198,0.86606914,0.8706439,0.04198408,0.33466324,0.24410956,0.50873345,0.45854238,0.51209533,0.6166934000000001,0.68261063,0.6314132,0.70822555,0.81371266,0.9156361999999999,0.83510387,0.5762012,0.50386614,0.6991951,0.5148636999999999,0.49064097,0.70535266,0.9776974,0.92093635,1.0,0.47713095,0.52044815,0.47707424,cluster1_pred,2.0,3
0.42836896,0.5345211,0.5377390999999999,0.5353237,0.5410941999999999,0.5526829000000001,0.030450513999999998,0.54569936,0.60166574,0.6841510999999999,0.64921165,0.6183609999999999,0.597302,0.57599074,0.5689065,0.5859494000000001,0.56995815,0.575792,0.54511434,0.52587026,0.5309596,0.49641132,0.55674,0.6727791,0.5477347,0.92558557,0.32524645,2.0,0.5106316,0.51261336,0.5625182,cluster2_pred,,3
0.5816521,0.71337646,0.71239614,0.7181234000000001,0.71014965,0.7443211,0.022705132000000003,0.48268595,0.55708617,0.62779236,0.58034605,0.5556523,0.5193492999999999,0.49870590000000004,0.48430112,0.5018515,0.46899405,0.7935286,0.72745746,0.44614652,0.46391570000000004,0.42897916,0.38219526,0.31695837,0.24014089,0.9336323000000001,0.33320409999999995,1.0,0.5452381,0.50332123,0.5051281,cluster0_pred,3.0,3
0.47073486,0.10369205,0.11070767,0.10472425,0.11258783,0.12068316,0.24985093,0.56778926,0.59817255,0.71430093,0.6740590999999999,0.6671935,0.6787206,0.67683625,0.68197507,0.719114,0.73421186,0.077171676,0.08009222,0.60079795,0.55583245,0.6478046,1.0,0.9832743,0.9953814000000001,0.51689136,0.06463548,3.0,0.50864106,0.4370886,0.5752795,cluster2_pred,,1
0.48224983,0.38351026,0.38418555,0.38705102,0.38213459999999994,0.40961096,0.03891037,0.51843965,0.5266755,0.66177464,0.5535621999999999,0.5052456,0.52517754,0.4695816,0.48177144,0.44818565,0.4474126,0.45478928,0.40312618,0.39578462,0.40083608,0.43421933,0.33751872,0.23558173,0.15299636,0.89977616,0.28694640000000005,3.0,0.52214897,0.5775734,0.5394784,cluster1_pred,2.0,3
0.5299545,0.076942496,0.07599932,0.07502176,0.077573925,0.083151676,0.07433678,0.50856966,0.52807736,0.6648644,0.6047971,0.5949116999999999,0.5987311,0.57775843,0.57634,0.6128866999999999,0.6239763,0.07600473599999999,0.06922613,0.538353,0.5166210999999999,0.5642881,0.6206198,0.8715119,0.6875148,0.47259307,0.03907616,3.0,0.5095692,0.43912488,0.5864235,cluster2_pred,,3
0.5795302,0.44153902,0.45338285,0.43392918,0.45485299999999995,0.4622372,0.109569326,0.64753526,0.46898670000000003,0.65064096,0.60031706,0.6395689,0.6616911999999999,0.68948823,0.70993567,0.7392786,0.787573,0.46597528,0.39049476,0.38960722,0.22696161,0.81828934,0.52887696,0.5313349,0.668812,0.8903406999999999,0.65059596,1.0,0.49937797,0.4773142,0.5747539,cluster2_pred,,3
0.5394791,0.6175509,0.6235107,0.60977614,0.61933947,0.626883,0.091555804,0.7028574000000001,0.71756196,0.719724,0.71061647,0.65241176,0.59306973,0.54038286,0.48342246,0.49465838,0.47193748,0.67617095,0.625718,0.35285115,0.32369570000000003,0.49261072,0.49507123,0.40858024,0.2562733,0.9469685,0.5223898,3.0,0.5610408,0.5654609,0.52739835,cluster1_pred,2.0,3
0.46320164,0.70768946,0.70673466,0.7033486999999999,0.70129716,0.7299474,0.026954127,0.458665,0.54263765,0.66217226,0.7471854,0.7578258000000001,0.78687704,0.7733284,0.8020415,0.86256737,0.84927344,0.6444392,0.66099924,0.80211747,0.7459103,0.7701324,0.89395684,0.88231075,0.92517775,0.94373375,0.3369722,3.0,0.4665859,0.49632317,0.5586705,cluster2_pred,,1
0.52796435,0.46115908,0.47687802,0.4701415,0.4819818,0.49450836,0.033480022000000005,0.6353794,0.6541755,0.70114803,0.5927051,0.60110253,0.61987567,0.58431685,0.5570616,0.5036962,0.5384464,0.570535,0.4441405,0.32610413,0.32123682,0.42375082,0.4169778,0.36971703,0.23014526,0.91607934,0.378388,3.0,0.54253495,0.5651214,0.5491137,cluster1_pred,2.0,3
0.53749835,0.68408847,0.69314706,0.69205046,0.6955858,0.72904843,0.01981459,0.539021,0.53373027,0.6689741,0.61743546,0.6269178000000001,0.47679582,0.4107761,0.46843213,0.42147120000000005,0.43069917,0.77339214,0.7347651,0.42161378,0.43379673,0.43012643,0.42308217,0.5468643,0.385386,0.93234086,0.46617004,3.0,0.539646,0.5077395,0.52000797,cluster0_pred,3.0,2
0.5398245,0.12022265,0.119983174,0.11880997,0.11832287,0.12683056,0.046442248,0.49047473,0.48181453,0.6391161999999999,0.5763333,0.5802723000000001,0.5858591999999999,0.5676484,0.5511888,0.5797515999999999,0.6099633000000001,0.115498856,0.12551793,0.55485183,0.53104776,0.57696927,0.55494356,0.5529361,0.6563965,0.4832616,0.07198057,3.0,0.4968446,0.46283123,0.57536167,cluster2_pred,,3
0.46969453,0.7934694999999999,0.79559916,0.80502945,0.7980756999999999,0.8420744000000001,0.010972505,0.53772616,0.40090683,0.5965854,0.46810493,0.4828048,0.40934786,0.33871009999999996,0.41463214,0.49730366,0.38472940000000005,0.90570784,0.85044324,0.47361964,0.54276085,0.32357082,0.40007186,0.13694234,0.16755825,0.9498117,0.42987359999999997,3.0,0.52342385,0.5146744,0.5308158,cluster2_pred,,3
0.4888298,0.12833768,0.126865,0.12432178,0.122548684,0.13136022,0.12299583,0.4806048,0.46919740000000004,0.5979190999999999,0.5440743,0.56105816,0.5628736999999999,0.5555164,0.5582311,0.5768279000000001,0.5744637,0.13237068,0.12076247,0.533387,0.51420224,0.5560321,0.43585458,0.16585393,0.44450092,0.613236,0.096559845,3.0,0.5076429,0.5505966,0.5447659,cluster1_pred,2.0,2
0.53453994,0.85526645,0.8553489,0.8658696,0.8603578000000002,0.9049203000000001,0.012213661,0.5116247,0.53899467,0.66906035,0.607849,0.6007303,0.64293504,0.7003927,0.67178214,0.68877286,0.6799694000000001,0.8587726999999999,0.81750476,0.69563395,0.6795274,0.6266046999999999,0.7534411,0.85256,0.86601025,0.95168597,0.30593368,3.0,0.49504915,0.51722056,0.51675105,cluster1_pred,2.0,2
0.63915217,0.6223848000000001,0.62124616,0.6233920000000001,0.62190956,0.6132538000000001,0.06981794,0.49995983,0.42636496,0.5623756,0.5138142,0.43432742,0.47013035,0.32320422,0.29760242,0.33897445,0.33974352,0.76304376,0.67311066,0.27869186,0.30086255,0.33865103,0.20676266,0.07497642,0.050354055999999994,0.9576515,0.43105745,1.0,0.55216897,0.5498584,0.46688643,cluster0_pred,3.0,1
0.49652076,0.6024804,0.6090739000000001,0.60745853,0.61134356,0.6335929,0.016469013,0.5582713,0.57847273,0.6696392,0.5701848,0.5945906999999999,0.5394051,0.5058729000000001,0.55053586,0.6277136,0.6353076,0.6057723,0.6218738,0.683765,0.7014252,0.54299206,0.67712075,0.38411772,0.26500738,0.93745977,0.35256404,3.0,0.49711883,0.563906,0.5250891,cluster1_pred,2.0,2
0.51868075,0.58911604,0.58557874,0.5834136,0.57907456,0.5748025,0.028616805,0.42623574,0.4503888,0.59440035,0.5533286000000001,0.5321786999999999,0.5380022,0.51073444,0.5944254,0.6290749,0.6103274000000001,0.67148554,0.56022805,0.38552493,0.3466335,0.5307231,0.35340422,0.44274575,0.5899175999999999,0.95367473,0.4566303,3.0,0.53049415,0.5138744,0.5407295,cluster2_pred,,3
0.5701473000000001,0.64826053,0.6489874,0.6517824000000001,0.6501807,0.65551335,0.02474599,0.6463868,0.5980784,0.61569756,0.5257811,0.50208604,0.47257444,0.3703341,0.37607676,0.39762092,0.34894425,0.7929722,0.68380916,0.21930256,0.23214372,0.33174962,0.36303926,0.15414782,0.08190229,0.95596045,0.6682244,3.0,0.55923414,0.53546304,0.4934113,cluster0_pred,3.0,2
0.49047473,0.10339148,0.10352664,0.10258078,0.101419605,0.10871191,0.03165469,0.5003447,0.53228307,0.6483856,0.5763333,0.587592,0.5904563,0.55753845,0.54213434,0.57682794,0.5884767,0.10313171,0.10935915,0.5379483,0.52260244,0.5493560000000001,0.52729315,0.3950827,0.28266199999999997,0.5465259,0.07646682,3.0,0.5041231,0.54866254,0.57421756,cluster2_pred,,2
0.5167946,0.10639704,0.10532189,0.104111835,0.10383435,0.11130029,0.18653142,0.49211976,0.52527356,0.670014,0.6209266,0.6141258,0.59597284,0.5838244,0.59545493,0.6216578,0.6398577,0.10190329,0.0909711,0.51288277,0.4670009,0.60782963,0.5546647,0.7875308000000001,0.69624233,0.5500388,0.07615652,3.0,0.50497293,0.46375498,0.5848918,cluster2_pred,,2
0.48389477,0.06311689,0.06462934,0.06430437,0.066103846,0.07085687,0.0955208,0.52008456,0.53508687,0.6679541999999999,0.61048985,0.6122959,0.61620003,0.5959564,0.59344286,0.6128866999999999,0.6108975,0.06630831,0.052000288,0.5342984000000001,0.5153766,0.5558615,0.61765665,0.99881744,0.9621875,0.38442102,0.05172140000000001,3.0,0.51007706,0.39376104,0.5837008,cluster2_pred,,2
0.5923104,0.7466451999999999,0.7466482,0.7314495,0.7252847,0.7601928000000001,0.024893045,0.36849440000000006,0.38840359999999996,0.53075004,0.5182015999999999,0.57949346,0.5082823000000001,0.47440705,0.45911977,0.5567749,0.6529185000000001,0.7755761,0.76250154,0.54911995,0.5181522,0.5907581999999999,0.47405353,0.47063997,0.6474852,0.9351218000000001,0.42802808,1.0,0.51077145,0.54309434,0.4945407,cluster1_pred,2.0,2
0.5496944,0.19446014,0.20076986,0.19750626,0.20132999,0.21580608,0.14162646,0.53817946,0.54910594,0.73180974,0.6702639,0.6397446999999999,0.63826615,0.63942933,0.65279967,0.7239868,0.73140925,0.16513318,0.17087176,0.61004794,0.5573252,0.67013615,0.7685694000000001,0.8673042,0.7590828000000001,0.7877691,0.20581514,3.0,0.49039263,0.45900077,0.5965925,cluster2_pred,,3
0.5569629,0.7256034,0.7285314,0.7346362,0.72614145,0.75582474,0.019410115,0.458665,0.48979753,0.69152397,0.65298337,0.6451136,0.68967485,0.654362,0.6605354,0.69771624,0.6912501,0.7205855999999999,0.6830984999999999,0.7622489,0.7895595999999999,0.55829436,0.8199006,0.8508462,0.89622515,0.9454344000000001,0.3195611,3.0,0.46626613,0.51987326,0.5329687,cluster2_pred,,2
0.60454947,0.5569845999999999,0.5552897,0.5361927,0.5288148,0.54556257,0.08318551,0.3001139,0.3788307,0.537135,0.4776984,0.5061147,0.47589220000000004,0.42499328,0.48272705,0.5147514,0.5108385,0.5762789,0.57718337,0.65290976,0.71272564,0.43092895,0.47122774,0.27895308,0.3932151,0.917701,0.33605999999999997,1.0,0.4899382,0.55263764,0.5104926,cluster1_pred,2.0,3
0.52578986,0.7440861,0.7441005,0.7372435,0.730996,0.7210696999999999,0.027379692,0.42103553,0.4496013,0.59921205,0.5543697,0.5380869,0.55594873,0.5498588000000001,0.48541063,0.47924849999999997,0.5027297000000001,0.75841403,0.7698527,0.5127311,0.43238273,0.6873022,0.50206506,0.51103586,0.6350948000000001,0.9796754000000001,0.45654744,3.0,0.5120839,0.5361771,0.50291914,cluster1_pred,2.0,3
0.49791196,0.7560286999999999,0.757405,0.7618678000000001,0.75355583,0.7898399,0.012507482,0.47964126,0.54540837,0.73570305,0.5946029,0.5879621,0.57125515,0.60915506,0.7077423,0.6920791999999999,0.73765606,0.7776286,0.7124374,0.55892557,0.5040969,0.6505211999999999,0.59309286,0.71121687,0.6074616999999999,0.937005,0.40376037,3.0,0.5227277,0.5072604,0.53400123,cluster2_pred,,3
0.47237986,0.082953624,0.08347957,0.07808387,0.07998867,0.08574005,0.04274536,0.4789598,0.52387166,0.63602644,0.5877188,0.60497624,0.5564378000000001,0.5251865,0.55420697,0.6109376,0.57352954,0.108610846,0.06893536,0.43488768,0.39576527,0.5548889,0.4005035,0.44315216,0.37902588,0.8267517,0.2545019,3.0,0.5135942,0.5178004,0.5942065,cluster2_pred,,3
0.50856966,0.9621815999999999,0.9750894,0.9681331,0.9640185,0.9692353000000001,0.057298902,0.6430189000000001,0.6351793,0.6651954999999999,0.6262806,0.5779357,0.6142423,0.6161451,0.62694335,0.7246749,0.72158825,0.9125681999999999,0.9211166,0.8435560999999999,0.83741456,0.6744251,0.78505343,0.30038590000000004,0.31930217,0.99406725,0.5729824,3.0,0.49815303,0.5335837,0.5145056,cluster1_pred,2.0,2
0.16659932,0.8538447,0.867238,0.8342924999999999,0.8232341000000001,0.8275279000000001,0.032313406,0.36389098,0.3126087,0.42363903,0.39195263,0.41048923,0.41494042,0.43920583,0.4794713,0.37835526,0.4327688,0.923903,0.90906185,0.49870193,0.52533746,0.43367788,0.41492614,0.14883277,0.45113438,0.9780206,0.8368962999999999,2.0,0.48779026,0.5150056,0.508203,cluster1_pred,2.0,1
0.45428497,0.1379555,0.14571524,0.14085719,0.14669621,0.15724401,0.12823753,0.5464044,0.54910594,0.6504454000000001,0.6123875,0.58393216,0.6253943000000001,0.62830836,0.65782994,0.6781824000000001,0.6996465000000001,0.12272906,0.12176662,0.60452133,0.57266825,0.6193251999999999,0.7059835,0.47968188,0.5733353,0.7925886999999999,0.18536222,3.0,0.5033597,0.5199177,0.575107,cluster2_pred,,1
0.5398245,0.16590726,0.16845517,0.16443545,0.16782529999999998,0.17989233,0.10439062,0.50034463,0.4804126,0.59688914,0.554511,0.5555684000000001,0.5536795,0.5251865,0.48478958,0.50081205,0.51187235,0.19835818,0.189359,0.48533922,0.4803625,0.5002382000000001,0.3183368,0.23752113,0.29930840000000003,0.71072286,0.14357641,3.0,0.5073635,0.5687807,0.5465735,cluster1_pred,2.0,3
0.5151496,0.07333582,0.07390485,0.07226586,0.07183888599999999,0.07700427,0.06958392,0.50198966,0.50845075,0.63396657,0.56779414,0.5720377,0.56839025,0.53934044,0.5441465,0.5739042,0.5922135000000001,0.07617048,0.0806901,0.53390914,0.5196504,0.5449132,0.44997382,0.14863579,0.1644152,0.45402070000000005,0.04765080000000001,3.0,0.506725,0.6010173,0.5480713,cluster1_pred,2.0,1
0.505663,0.7685401,0.7766541,0.78243643,0.777829,0.7775635000000001,0.038058665,0.53182817,0.53792167,0.65506727,0.5807909000000001,0.6208051,0.6547045,0.6381785,0.6683988000000001,0.7128062,0.7391355,0.75633246,0.7578534,0.82177407,0.85890716,0.56412333,0.9031011,0.7128569,0.79774415,0.9867627,0.29444006,3.0,0.4624144,0.5334545,0.5184222,cluster1_pred,2.0,3
0.5161566,0.7295843000000001,0.734476,0.74071985,0.7384208000000001,0.7712572,0.009438394000000001,0.5055350000000001,0.5220343,0.6952016,0.6284598000000001,0.6038001999999999,0.58730304,0.59291184,0.5993861,0.62504196,0.66280913,0.7824821999999999,0.7088382,0.5660208000000001,0.57007474,0.5180232,0.5954569000000001,0.7527126999999999,0.61877996,0.9456095999999999,0.29267177,3.0,0.5141904,0.51184595,0.532029,cluster2_pred,,3
0.43670455,0.71252334,0.7121130999999999,0.71928215,0.71728885,0.7491726,0.011100781,0.5237433,0.49875864,0.5862354000000001,0.54293793,0.5212659000000001,0.50684553,0.42620600000000003,0.44092375,0.43825737,0.43302324,0.79495007,0.7490304,0.479325,0.5085055,0.41852740000000005,0.37070054,0.16522317,0.17030923,0.9361628000000001,0.32875820000000006,2.0,0.5271281,0.52244407,0.50296545,cluster0_pred,3.0,1
0.30233625,0.81403583,0.81034,0.80068743,0.81095475,0.85293925,0.030050375,0.47190590000000004,0.38016203,0.51506996,0.5135699,0.5684418999999999,0.53108245,0.61964905,0.62880486,0.6625267,0.6556776999999999,0.8386539000000001,0.84534323,0.7218076999999999,0.75863636,0.51696646,0.6044716,0.4311828,0.6895359999999999,0.9457599,0.41799283,2.0,0.47517788,0.5226177,0.50931984,cluster1_pred,2.0,2
0.5069246000000001,0.18694623,0.18999829999999998,0.18219571,0.18321934,0.19639325,0.0821047,0.46908993,0.50144124,0.6504454000000001,0.56874293,0.5153101999999999,0.52701634,0.5049665,0.48981982,0.4598804,0.5137408,0.19417565,0.21589631,0.60920674,0.65208113,0.44910505,0.53615135,0.24061601,0.17090242,0.83265084,0.22686645,3.0,0.49344695,0.6323673,0.54911935,cluster1_pred,2.0,1
0.52337456,0.13825604,0.14571524,0.14055097,0.14790359,0.15853820000000002,0.17286801,0.5628543,0.50564694,0.6576549,0.60005313,0.5994865,0.5996505,0.55854946,0.5602431999999999,0.6060648,0.60062134,0.16402774,0.15151808,0.5079416,0.49406540000000004,0.5315982,0.5041664,0.5940368,0.5233183,0.66770524,0.14143693,3.0,0.5017445,0.51603705,0.5690892,cluster2_pred,,2
0.4888298,0.11811875,0.11699108,0.108092576,0.10896571,0.1168006,0.06546724599999999,0.4641549,0.48321646,0.5907096,0.5061225,0.50982046,0.5536795,0.53630745,0.5240255,0.60801387,0.58006895,0.116260774,0.13567892,0.48908052,0.43452665,0.6164483000000001,0.42791260000000003,0.13679762,0.32502592,0.8344925,0.21447767,3.0,0.5097288,0.5599802,0.55806935,cluster1_pred,2.0,1
0.4802236,0.5606810999999999,0.5663296,0.5683493000000001,0.561655,0.5763761,0.025042413,0.5324406,0.5219479,0.6600490999999999,0.5720534,0.537208,0.53815913,0.43852976,0.48954369999999997,0.58766216,0.6257133,0.57819736,0.5870004,0.59878314,0.6070573,0.5239686,0.56880516,0.25366813,0.13718767,0.92712414,0.32507664,3.0,0.50718004,0.5834594,0.5190999,cluster1_pred,2.0,2
0.42873856,0.48760355,0.49188098,0.47912213,0.4819818,0.48986048,0.07957587,0.4878719,0.40473159999999997,0.608063,0.5227227,0.6198342,0.66251695,0.731283,0.61680925,0.6884796999999999,0.70025784,0.4562175,0.45163265,0.56978214,0.43940985,0.8300656999999999,0.5730038000000001,0.53872013,0.74732715,0.8956288,0.6241309,2.0,0.47026497,0.48581,0.5517154,cluster2_pred,,3
0.49211973,0.028853435,0.028125731,0.028477647999999998,0.028071497999999997,0.030089904,0.048099145,0.5118596,0.5000393,0.6298469,0.5763333,0.5711227,0.5932145999999999,0.5797804,0.57935816,0.60216653,0.61463434,0.028495759,0.022982862000000003,0.52377814,0.49682945,0.56935,0.4716759,0.36843243,0.60754144,0.25055864,0.03172857,3.0,0.50729275,0.4813817,0.56752616,cluster2_pred,,1
0.5217295,0.1995696,0.20136827,0.19076963,0.19197282,0.20577613,0.15502813,0.49211976,0.48321646,0.61130816,0.522252,0.5336094,0.54540473,0.50799954,0.5280497,0.56026036,0.5819373999999999,0.21098866,0.21218508,0.57480085,0.59623927,0.48210496,0.48825368,0.10314044,0.18451002,0.7283479,0.18226488,3.0,0.49994206,0.641871,0.5244029,cluster1_pred,2.0,2
0.49869972,0.04688683,0.04847201,0.0462379,0.04980427,0.053385314,0.15405132,0.5118596,0.58415353,0.6751636999999999,0.6209266,0.59857154,0.59229517,0.5555164,0.5532009,0.5622095,0.57259536,0.06768511,0.03466686,0.4355385,0.39595702,0.5562600000000001,0.38208944,0.666953,0.36944538,0.37412116,0.09769632,3.0,0.50520515,0.5208365,0.57895106,cluster2_pred,,1
0.5167946,0.12172544,0.12566817,0.12401556,0.12617081,0.13524279,0.06721139999999999,0.5250195,0.5182640000000001,0.641176,0.57917964,0.564718,0.5775844,0.5636044,0.6024973000000001,0.63919985,0.6454629,0.11810275,0.11328719599999999,0.6171251999999999,0.6269073000000001,0.5292697,0.70956254,0.28528783,0.38038296,0.5197523000000001,0.11354824,3.0,0.49983877,0.5680853,0.5571884,cluster1_pred,2.0,2
0.5250195,0.13164379999999998,0.13524288,0.13381432,0.13401876,0.14365503,0.084606364,0.50527966,0.4776088,0.63705635,0.58866763,0.60497624,0.6024086999999999,0.5555164,0.57634,0.60216653,0.59688455,0.14983867,0.12472191,0.5013175,0.474038,0.5593603,0.45859036,0.657799,0.77491766,0.6443559,0.11850319999999999,3.0,0.49885345,0.43883598,0.58013237,cluster2_pred,,2
0.5069246000000001,0.033962900000000004,0.033511512,0.032764606,0.032901,0.03526666,0.10523943599999999,0.5036347,0.5056469,0.64014614,0.58677,0.58393216,0.5904563,0.5545054,0.5532009,0.58072615,0.58006895,0.037688243999999996,0.036758825,0.5147668,0.4935523,0.55180186,0.39020309999999997,0.5469133,0.5759192,0.24041885,0.018191991,3.0,0.5065793,0.48065662,0.5652849,cluster2_pred,,2
0.5069246000000001,0.036968466,0.03650361,0.035214297,0.037126817,0.039796323,0.13584799,0.50198966,0.5112545000000001,0.63293666,0.6057459,0.5985715,0.61344177,0.6010114000000001,0.60048515,0.6226323,0.6361209,0.026724632999999998,0.025194267000000003,0.5529626,0.52258486,0.59123623,0.64593875,0.6584874,0.8048483000000001,0.29643208,0.049175248,3.0,0.5091329,0.4445924,0.57033646,cluster2_pred,,3
0.5579193,0.09377367,0.10412505,0.09461928,0.10534358,0.112918034,0.10275077,0.5710793000000001,0.56312495,0.66280454,0.6047971,0.5921668000000001,0.59781164,0.55854946,0.5532009,0.5680568,0.5828715,0.15503174,0.12742856,0.41814667,0.41834970000000005,0.45611495,0.40751874,0.42789298,0.27674702,0.7791774,0.27993490000000004,3.0,0.50784695,0.5650353,0.57743996,cluster2_pred,,3
0.4329001,0.25517258,0.26300552,0.24864355,0.2650191,0.28407457,0.06271509,0.53982455,0.5673308000000001,0.73798925,0.72339636,0.7760736999999999,0.76882374,0.81736517,0.82986426,0.78830796,0.75383,0.23204035,0.188843,0.60203797,0.52800655,0.71547943,0.7095739000000001,0.9538754999999999,0.99905664,0.8407440999999999,0.38722932,2.0,0.47009298,0.38568014,0.614845,cluster2_pred,,2
0.47237979999999996,0.44302046,0.45390144,0.4485995,0.44944578,0.48176199999999997,0.051594377000000004,0.5529843000000001,0.54069453,0.74107903,0.6550831,0.54367393,0.49759495,0.44936144,0.53307986,0.6323779,0.69030446,0.46336153,0.48003104,0.5505175999999999,0.53010654,0.5670635,0.5629399,0.44324872,0.30699304,0.91179335,0.42765987,3.0,0.5123478,0.5727422,0.5620258,cluster1_pred,2.0,2
0.48157588,0.5504446,0.54736364,0.54575276,0.54480654,0.56208074,0.034375064,0.43508524,0.4567928,0.6357243,0.6342604000000001,0.511954,0.5404338000000001,0.5070245,0.50198823,0.56806004,0.5440541999999999,0.58605695,0.56906664,0.6171844,0.6644853000000001,0.44270867,0.5375406,0.5922586999999999,0.50168097,0.92411816,0.34093893,3.0,0.49423552,0.5221194,0.5484865,cluster2_pred,,2
0.47731483,0.21129131,0.2232106,0.21128577,0.21159269,0.2268067,0.0705171,0.46908993,0.54209644,0.699882,0.7025229000000001,0.722091,0.67228466,0.6303304,0.6075275,0.6206832,0.5884767,0.22955275,0.16317333,0.38107038,0.27395156,0.68605214,0.48685563,0.8564708000000001,0.8088648,0.823108,0.38266334,3.0,0.48246127,0.42784002,0.62967515,cluster2_pred,,3
0.5186466,0.6732832,0.673615,0.6656880000000001,0.6584621,0.6515382,0.040023252,0.39052108,0.36472952,0.6225049,0.58332986,0.5635713000000001,0.57597405,0.53921044,0.50188136,0.51042014,0.53101057,0.7058199000000001,0.6441934,0.49761143,0.45399836,0.5952823,0.45184016,0.6395509,0.6805680000000001,0.9703229999999999,0.3745903,3.0,0.5086696,0.54452544,0.52146864,cluster1_pred,2.0,2
0.45585597,0.533668,0.53547454,0.53329575,0.5410941999999999,0.56071967,0.02274009,0.5401979,0.55408496,0.6677531999999999,0.6075388,0.6314503,0.6631494000000001,0.6474972,0.6186983,0.693743,0.647282,0.5752748000000001,0.5008036,0.47124338,0.41911954,0.60230035,0.5320866999999999,0.77141804,0.78772086,0.93028915,0.32280976,3.0,0.5135414,0.49822792,0.5744606,cluster2_pred,,1
0.54887956,0.65679103,0.6693688,0.65960425,0.6627456,0.65578544,0.040221445,0.53592205,0.5266773,0.6567559000000001,0.5301884,0.49390796,0.577583,0.5701771999999999,0.5591102,0.6025326,0.5996857,0.70830613,0.6876726,0.48622718,0.45736742,0.5557829000000001,0.47863877,0.29460296,0.30649945,0.97071314,0.3945554,3.0,0.5250262,0.5152475,0.5129533,cluster0_pred,3.0,2
0.54436964,0.64679784,0.6579626000000001,0.64304364,0.63417435,0.6722474,0.06867877,0.49392440000000004,0.64583325,0.7868897,0.65902877,0.92512256,0.9550984,0.9335965,0.8240255999999999,0.8371605,0.70184135,0.6864687,0.50133973,0.25351116,0.059555042999999995,0.8253939,0.5242287999999999,0.86118,0.90315115,0.9387356,0.642543,3.0,0.5401405,0.49638015,0.61851764,cluster2_pred,,1
0.37861540000000005,0.18844901,0.18730539999999998,0.1791336,0.18201198,0.19509906,0.07547595,0.46250996,0.49022597,0.58658993,0.5848724000000001,0.59857154,0.58769804,0.6000004,0.5823763000000001,0.6440726999999999,0.6650811,0.1419174,0.14690532,0.7286335999999999,0.73871195,0.5819714,0.7111114000000001,0.33423615,0.5754128000000001,0.8457531999999999,0.29616803,2.0,0.49732003,0.54005426,0.55609447,cluster2_pred,,1
0.50527966,0.13915773,0.13763656,0.13534537,0.13462245,0.14430211,0.12260956,0.46579987,0.51125455,0.6483856,0.6123875,0.6013164000000001,0.5821814999999999,0.5727034000000001,0.57130975,0.5904718000000001,0.6024897,0.15091337,0.12437632,0.5002454000000001,0.47325280000000003,0.55818504,0.46452764,0.7685512,0.7283984,0.6455042,0.12134965,3.0,0.50030077,0.44722307,0.5896035,cluster2_pred,,3
0.54207855,0.8933691999999999,0.89129937,0.89889514,0.8963392,0.8982752,0.021032056,0.50856966,0.42374212,0.58212185,0.5505288,0.58523935,0.47327676,0.37689963,0.34162933,0.45153648,0.45481607,0.99879736,0.9711388000000001,0.48457697,0.53970295,0.36116236,0.42990187,0.41035527,0.3700549,0.9893146,0.59003514,3.0,0.5326706,0.50105214,0.5382605,cluster2_pred,,3
0.5069246000000001,0.06431912,0.06582618,0.061548464000000004,0.06550016,0.07020978,0.13630967,0.5036347,0.55611545,0.68031335,0.63136333,0.63608485,0.6336689999999999,0.62325335,0.62362427,0.6489455,0.6566733,0.05271007,0.047430884000000006,0.51185644,0.44762295,0.6496919,0.6268535,0.83708215,0.8618104,0.38417798,0.101798825,3.0,0.5091496,0.41588777,0.5878091,cluster2_pred,,3
0.23175848,0.9468267,0.94196975,0.9414809000000001,0.9320350000000001,0.93409413,0.0240919,0.44446564,0.5181039000000001,0.6532698,0.59758544,0.6395314000000001,0.62799215,0.65089065,0.67665,0.70615906,0.6475956,0.98638386,0.94255024,0.5396556,0.5007170999999999,0.6046228,0.5594005,0.8122477,0.9058324000000001,0.9922269,0.53917897,2.0,0.5286182,0.50663245,0.49457657,cluster0_pred,3.0,2
0.5464044,0.12923935,0.1298571,0.12922116,0.12798189,0.13718408,0.09850379,0.5069247,0.48742214,0.6339666,0.554511,0.5363543000000001,0.5748262,0.5302415,0.50289845,0.56026036,0.56979275,0.13311788,0.14802049,0.56639135,0.57318383,0.5118802,0.5175138,0.19216748,0.28213003,0.7709398000000001,0.18053935,3.0,0.5086092,0.60002196,0.55189115,cluster1_pred,2.0,2
0.49705473,0.076942496,0.07958984,0.07685903,0.076970235,0.08250457,0.07383032,0.50363463,0.5112545000000001,0.6349965,0.5877188,0.59491163,0.5959728,0.5625934,0.58539444,0.61678493,0.6193053000000001,0.07649129,0.0682436,0.5405839,0.51740205,0.5687026,0.56003076,0.69244087,0.8300215,0.45812422,0.053313155,3.0,0.50984806,0.42601913,0.57808703,cluster2_pred,,2
0.53530234,0.53821754,0.5538744000000001,0.5469116,0.54651994,0.5582332,0.04172493,0.5575813000000001,0.5915406999999999,0.70832795,0.64749914,0.62414426,0.639638,0.5641244000000001,0.51259106,0.5833104,0.63659126,0.54123765,0.49909875,0.61713666,0.6030133000000001,0.5844465999999999,0.6381435000000001,0.71125156,0.52489597,0.92520577,0.41853592,3.0,0.50059843,0.5275842,0.5655211,cluster2_pred,,3
0.53755766,0.70313984,0.704187,0.71175003,0.7087219,0.7062901999999999,0.020926893000000002,0.51291865,0.52303916,0.8347194,0.7396481,0.73436564,0.7776418,0.7822668,0.78600246,0.8198181999999999,0.8136619,0.6583538000000001,0.62509006,0.7257378999999999,0.6474291,0.7845734999999999,0.8665163,0.98672986,0.90913844,0.98040265,0.33123615,3.0,0.473727,0.50368375,0.57632995,cluster2_pred,,1
0.44500044,0.47935740000000004,0.49499482,0.48288822,0.49997255,0.5081792,0.065464936,0.6224033,0.6642697,0.7015486999999999,0.62760234,0.5598082,0.6046773,0.5495661000000001,0.66472864,0.7366509,0.8177972,0.4623724,0.51138717,0.58652395,0.5009448000000001,0.734703,0.6180799,0.36484966,0.27215368,0.9042068999999999,0.5826611999999999,3.0,0.51495147,0.5879242,0.53342164,cluster1_pred,2.0,3
0.48553976,0.10639704,0.10921161,0.10778637,0.106550954,0.11421222,0.07124371,0.5118596,0.52246976,0.6658943,0.6123875,0.5967416,0.5950534000000001,0.5878684000000001,0.5874066,0.6050901999999999,0.6286473000000001,0.10501379,0.09651732,0.5443321,0.52337456,0.5653634,0.6044538,0.7458358,0.6245445,0.53910756,0.07388419,3.0,0.50174755,0.46070242,0.58428776,cluster2_pred,,1
0.48882976,0.036968466,0.036204398,0.035214297,0.034410223,0.0368844,0.15071152,0.49705473,0.49863738,0.6195476,0.56684536,0.56197315,0.5739068,0.54843944,0.55018276,0.5846244,0.5922135000000001,0.03889127,0.04221094400000001,0.519408,0.49775264,0.5550413000000001,0.3575783,0.12132470000000001,0.4079177,0.2576097,0.020383472,3.0,0.51122946,0.5661063,0.54003626,cluster1_pred,2.0,3
0.49211976,0.1767273,0.17713228,0.17239694,0.17476770000000003,0.18733391,0.09392804,0.48224974,0.5042449999999999,0.63808626,0.5877188,0.58942187,0.5739066999999999,0.58584636,0.5914307,0.6128866999999999,0.6688179,0.1523931,0.15704341,0.6530732,0.6469636999999999,0.58315617,0.7064928,0.59009784,0.69293386,0.83224756,0.18005459,3.0,0.49304202,0.4890318,0.5781814,cluster2_pred,,2
0.4888298,0.10339148,0.1023298,0.103805624,0.10383435,0.11130029,0.054218832,0.5151496,0.50564694,0.6360264,0.58866763,0.5857621000000001,0.5849398,0.5504614000000001,0.5511888,0.5709805,0.5884767,0.10688917,0.11106569,0.54668003,0.53696376,0.54054385,0.5372198,0.39997140000000003,0.4597469,0.48958918,0.053371145999999994,3.0,0.5005964,0.52093077,0.5674712,cluster2_pred,,2
0.5003447,0.09948424,0.10143216,0.101049714,0.102928825,0.11032965,0.049361682999999996,0.5348895,0.53088117,0.63808626,0.5972068,0.5921668000000001,0.58677864,0.54136246,0.5481706999999999,0.5846244,0.6062265,0.10271065,0.109868824,0.5381769000000001,0.52290094,0.5493041999999999,0.5492454000000001,0.27230626,0.21016700000000002,0.5487486999999999,0.07816711,3.0,0.50380045,0.5842685,0.56177646,cluster1_pred,2.0,2
0.54804945,0.14246385,0.14362076,0.13963234,0.14216855,0.15239081,0.046759184,0.51021457,0.49723549999999994,0.6205775,0.59815556,0.59857154,0.5720679,0.48575753,0.5049106,0.49399006,0.52868795,0.19672607,0.15998833,0.36444499999999996,0.33355013,0.50217575,0.30416632,0.48601279999999997,0.4456094,0.8108781,0.25092217,3.0,0.50852686,0.50234354,0.585077,cluster2_pred,,2
0.4272071,0.5641448,0.5610185999999999,0.54719955,0.5412064,0.57366943,0.03251824,0.30190858,0.36708924,0.52607137,0.44315955,0.47076592,0.46123707,0.3795428,0.5722396,0.46619279999999996,0.54615825,0.58650094,0.5241269000000001,0.44664390000000004,0.35444924,0.6830025,0.43584484,0.32409832,0.43099537,0.9346389999999999,0.6466807,2.0,0.49793112,0.54401195,0.50868624,cluster1_pred,2.0,3
0.51736706,0.77252096,0.77354026,0.7711382,0.76269394,0.769131,0.016049517,0.44259346,0.5730885,0.6937228,0.64332455,0.62603843,0.7438146999999999,0.6848105,0.7365364999999999,0.7876238,0.8843247999999999,0.82420313,0.6646763000000001,0.33125442,0.17316918,0.7798276999999999,0.5049931,0.8175048,0.84872663,0.9687483,0.7948328,3.0,0.5410053,0.5244869,0.58346605,cluster2_pred,,3
0.47895986,0.14667164,0.15169942,0.14912489,0.14820543,0.15886174,0.10219144,0.5019895999999999,0.5294791999999999,0.63808626,0.5772821,0.5784424,0.5665514,0.5373184,0.52301943,0.531998,0.53989834,0.16486718,0.16622667,0.5232614000000001,0.52556163,0.5015992,0.43982044,0.3807842,0.25127771,0.65249,0.12733124,3.0,0.50375456,0.57452464,0.56302804,cluster1_pred,2.0,2
0.49845946,0.5913908,0.58812636,0.58486205,0.5856425999999999,0.58133686,0.02892796,0.50568026,0.49470362,0.5636511,0.52666926,0.5329821,0.5807912,0.52316266,0.5794078,0.6179505,0.57833564,0.6317589,0.6103895,0.45276454,0.39753038,0.60063183,0.4315569,0.21841067,0.48198542,0.95613945,0.43530846,3.0,0.51566726,0.50609756,0.5069532,cluster0_pred,3.0,1
0.5100233000000001,0.74266434,0.7472143,0.7546254,0.75269914,0.7524036000000001,0.02402805,0.5492708000000001,0.57260853,0.7096741999999999,0.62271214,0.66527337,0.6636415,0.6377319,0.66965663,0.72342795,0.7229104000000001,0.71116793,0.71952564,0.81201273,0.8235858,0.61844,0.88610226,0.695442,0.6991376,0.9822015,0.32061177,3.0,0.46776825,0.5217123,0.52575976,cluster2_pred,,2
0.48553973,0.437911,0.44223225,0.44339392,0.43767390000000006,0.4691437,0.023411227000000003,0.46744490000000005,0.5603212,0.69370246,0.6019507,0.5866771,0.5812621,0.54237354,0.52603763,0.58657354,0.58567417,0.46651614,0.45961080000000004,0.52445394,0.5115356,0.5372931,0.5256906,0.6478519,0.4488944,0.9135663,0.36318046,3.0,0.50937563,0.51815283,0.57914215,cluster2_pred,,3
0.51843965,0.11811875,0.11908555,0.11758512,0.11802102,0.12650701,0.0956823,0.5019895999999999,0.5434982,0.66074467,0.57823086,0.56563294,0.5775844,0.5454064000000001,0.6065214,0.6158104,0.65667325,0.09086349,0.13138993,0.6410893,0.6338254,0.58008313,0.76145387,0.5162309,0.40663967,0.51162535,0.12464209,3.0,0.50327325,0.5497536,0.5665446,cluster2_pred,,3
0.53182817,0.7710991999999999,0.77042645,0.7786704000000001,0.77325994,0.7729889,0.018487915,0.51002234,0.51314515,0.62321323,0.6134891,0.63859195,0.6425173000000001,0.64889866,0.66928744,0.7231404,0.70198727,0.7504696999999999,0.75351053,0.8254876,0.857606,0.5774746999999999,0.88986653,0.7679501,0.86471695,0.9866872999999999,0.29753090000000004,3.0,0.46032104,0.5249551,0.51843166,cluster1_pred,2.0,3
0.5036347,0.11240818,0.111306086,0.10717395,0.10564542,0.113241576,0.08387860000000001,0.46744490000000005,0.48181453,0.6051286,0.54312545,0.5409291,0.55000186,0.5090104999999999,0.51396495,0.53784543,0.54550356,0.12336667,0.12546392,0.5133785,0.5023579,0.5276109,0.31188414,0.10468437,0.16116436,0.48919877,0.08226024,3.0,0.5033743,0.5989047,0.538234,cluster1_pred,2.0,1
0.48389485,0.29634884,0.33840640000000005,0.28753236,0.32901004,0.35266662,0.115407325,0.67964864,0.6135934000000001,0.73695934,0.61333627,0.62053055,0.61160296,0.59494543,0.55621904,0.5670823,0.5660559000000001,0.37519953,0.28062224,0.32157078,0.252552,0.56963545,0.43178555,0.38691524,0.23075673,0.8741489,0.32814842,3.0,0.53765434,0.5842152,0.5674059,cluster1_pred,2.0,1
0.5115406,0.52741235,0.52500075,0.5260533000000001,0.52595913,0.5372005,0.03206003,0.47886595,0.5105332,0.5809331999999999,0.47445908,0.5076658,0.55413634,0.6791364000000001,0.66700566,0.69329727,0.63490367,0.5375880000000001,0.48158187,0.6145083,0.59317136,0.59983623,0.56400484,0.15835870000000002,0.39348555,0.9237824,0.48581994,3.0,0.47445568,0.53016114,0.5131244,cluster1_pred,2.0,1
0.50527966,0.07393693,0.074503265,0.072878286,0.07304626,0.07829846,0.061941683,0.49211976,0.52667546,0.6494154999999999,0.58677,0.57752746,0.5831009,0.5625934,0.5511888,0.5894971999999999,0.59408194,0.07657684,0.0787559,0.5282836999999999,0.50936335,0.5529786,0.49113008,0.6524241,0.5691404999999999,0.45670637,0.060051225,3.0,0.5070228,0.47108665,0.5806542,cluster2_pred,,3
0.5184396,0.06942858,0.07181038,0.06675406,0.07063151,0.07571008,0.34345567,0.55298436,0.55331165,0.6741338000000001,0.61428505,0.5949116999999999,0.60424757,0.5878684000000001,0.60450935,0.6382253000000001,0.6520023,0.06413885,0.05332111,0.542597,0.5190176,0.57058376,0.6916746,0.54751694,0.45124319999999996,0.3918502,0.05796526,3.0,0.4970199,0.58036035,0.54492766,cluster1_pred,2.0,2
0.5973991,0.17792952,0.17982516,0.17821495,0.18231381,0.1954226,0.07346196,0.5414694,0.5238716,0.68546295,0.6028995,0.6251053000000001,0.6428632,0.6171873000000001,0.62463033,0.65089464,0.65760744,0.12648652,0.12261685,0.72577435,0.70929897,0.64188576,0.8072376,0.74273854,0.747428,0.85155636,0.2765712,1.0,0.48367953,0.47780848,0.58210033,cluster2_pred,,1
0.5661443,0.20828573,0.21004537,0.20883608,0.21159269,0.2268067,0.01762812,0.50527966,0.50845075,0.63293666,0.61428505,0.5930818,0.6014893,0.5595604000000001,0.54112834,0.61581045,0.6576075,0.21475816,0.17121316,0.46595833,0.37794557,0.6825979999999999,0.49939913,0.5298831,0.54465675,0.8196614999999999,0.32044079999999997,3.0,0.4954652,0.47854802,0.5986627,cluster2_pred,,1
0.4676871,0.56234145,0.57807356,0.5704716,0.5828609,0.6209806999999999,0.027906952000000002,0.63775814,0.63392794,0.80091,0.6905167,0.7649198,0.79122436,0.7193964,0.7203463000000001,0.79476225,0.78903764,0.5848996,0.50537705,0.48120716,0.38803932,0.7017959,0.60881543,0.9212860999999999,0.867613,0.9418698,0.6068876,3.0,0.5041305,0.47852913,0.594557,cluster2_pred,,3
0.5677036,0.46968955,0.47263190000000005,0.4666651,0.46656123,0.47415876,0.09709969,0.42873856,0.43118882,0.51087546,0.5073743,0.47593608,0.57823634,0.5968121,0.68733186,0.6008958000000001,0.6473651999999999,0.45750993,0.51369363,0.56406015,0.4621153,0.7617187,0.5281631999999999,0.255977,0.5190123,0.89365894,0.61192334,3.0,0.4742546,0.5168986,0.5132928,cluster1_pred,2.0,2
0.50198966,0.07784417,0.07809379,0.07747145,0.076970235,0.08250457,0.054465562,0.48882973,0.51686215,0.6535352,0.5905651999999999,0.5894219,0.5913757,0.55854946,0.56527346,0.59924287,0.6193053000000001,0.07466536,0.07344592,0.53262347,0.5033468,0.5789576,0.5339508000000001,0.71871555,0.59340125,0.43972440000000007,0.06421708,3.0,0.5067754,0.45796275,0.58382,cluster2_pred,,3
0.5480276999999999,0.8353620999999999,0.84147817,0.848198,0.83808357,0.8424746,0.0142195625,0.5334123000000001,0.5405255,0.58467644,0.5377749,0.56167847,0.5554314,0.54518956,0.5876176,0.67532444,0.7322113,0.85858935,0.7852839,0.5612332,0.4956577999999999,0.67642844,0.5694983,0.25318196,0.42358112,0.9886812,0.48184037,3.0,0.5264903,0.4997898,0.479554,cluster0_pred,3.0,1
0.5118596,0.041777372,0.04787359,0.039807465,0.049200583,0.05273822,0.22670521,0.5842392,0.55751735,0.6792834,0.6019507,0.587592,0.57850385,0.54540646,0.5260376,0.5612349,0.57072693,0.06967413,0.03466686,0.42754027,0.39550763,0.5350088000000001,0.37332693,0.3744292,0.15546717,0.36128598,0.10102965,3.0,0.49779758,0.6124706,0.5460732,cluster1_pred,2.0,2
0.5131063,0.7338495,0.75485736,0.7470932,0.75098574,0.7817022,0.04141695,0.59174347,0.58001316,0.72466314,0.6486221999999999,0.6459547,0.6457225000000001,0.6599385,0.65221167,0.647544,0.6809441999999999,0.7521226,0.70773244,0.71429926,0.7480745,0.5204187,0.8199521999999999,0.74199533,0.69477713,0.9468768,0.29166138,3.0,0.4815253,0.51374096,0.52761894,cluster2_pred,,1
0.49211973,0.076942496,0.07809379,0.07777766,0.0787813,0.08444586400000001,0.09489589,0.5200846,0.55331165,0.65456516,0.59341156,0.5903369,0.5840204000000001,0.5433845,0.54213434,0.58170074,0.5810031,0.08118177,0.088116415,0.5428156,0.5390374,0.52498937,0.5595635,0.5730254,0.29241848,0.36280876,0.054341025999999994,3.0,0.49965686,0.5471258,0.5633985,cluster2_pred,,2
0.5003447,0.07904639999999999,0.07929063,0.07716524,0.07938499,0.085092954,0.09876468,0.50856966,0.52947927,0.6504454000000001,0.5801284999999999,0.57478255,0.58677864,0.5636044,0.5874064999999999,0.60703933,0.6221079,0.07304796,0.06577893,0.5704243,0.5588987,0.55608743,0.65509003,0.47846538,0.42899269999999995,0.39555058,0.06931266,3.0,0.50255287,0.5329184,0.5652262,cluster2_pred,,3
0.5025708999999999,0.5567002,0.55613893,0.5602377,0.5556581,0.5732895,0.017433973000000002,0.48157555,0.4938571,0.60004455,0.5434374,0.57618254,0.56055105,0.54757875,0.55977046,0.6942236999999999,0.70161396,0.5340812,0.54630953,0.7438425000000001,0.7515430000000001,0.59474045,0.7211063,0.29265356,0.48405984,0.92366767,0.28238937,3.0,0.47314194,0.5482813,0.53184175,cluster1_pred,2.0,1
0.5130689,0.58598816,0.59633553,0.5918148,0.595923,0.6148796999999999,0.027750941,0.52806526,0.5948237,0.80473495,0.7553574000000001,0.7455116999999999,0.73405844,0.6793800999999999,0.68634075,0.7501972,0.80637056,0.58965474,0.52684605,0.6456323,0.6270786,0.60831374,0.7414895,0.9680235999999999,0.80007315,0.93260413,0.36198297,3.0,0.48588562,0.4973915,0.58380115,cluster2_pred,,1
0.5217295,0.11841931,0.117589496,0.10288699,0.101419605,0.10871191,0.118872225,0.41974017,0.42994413,0.56393147,0.5156105,0.50982046,0.50127256,0.49081254,0.51195294,0.55441296,0.54176676,0.12456569,0.12886392,0.535478,0.53792584,0.5071072,0.3446305,0.16284989,0.33720845,0.47590855,0.12148188,3.0,0.50654596,0.5605961,0.54387975,cluster1_pred,2.0,3
0.5135046,0.11631541,0.12118001,0.116666496,0.11620996,0.12456573,0.06358818,0.4641549,0.43274787,0.58761984,0.5772821,0.58210224,0.5683902,0.59393436,0.56124926,0.5992428000000001,0.64639705,0.11753866,0.104024455,0.49176478,0.41755820000000005,0.6630898000000001,0.47067824,0.53900963,0.786117,0.83556896,0.21862199999999998,3.0,0.50593024,0.4316404,0.584937,cluster2_pred,,2
0.49705473,0.047187395,0.04607833,0.044400632,0.04376739,0.046914365,0.09882506,0.5003447,0.49162787,0.6051286,0.5583062,0.54458886,0.53621054,0.5100215,0.5099408,0.56026036,0.55017453,0.06756882,0.05932191,0.47456378,0.46289626,0.510521,0.24715358,0.07366342,0.10837296,0.33883175,0.061190195,3.0,0.51386875,0.6097362,0.5324411,cluster1_pred,2.0,3
0.47237979999999996,0.47548056,0.47723985,0.4296144,0.4274112,0.45814306,0.13393222,0.32104087,0.28274435,0.45578900000000006,0.48619783,0.5464188,0.5996505,0.5929234,0.58338237,0.61581045,0.63518673,0.461692,0.49101419999999996,0.5677142,0.52522504,0.6262506,0.47015014,0.45966327,0.7200875,0.9027582000000001,0.4480774,3.0,0.48189288,0.5080932,0.5150399,cluster2_pred,,3
0.47941315,0.7652171999999999,0.7803395000000001,0.7716524,0.7857001,0.8290122,0.01295067,0.6154758,0.5720791000000001,0.6969859,0.56339926,0.62803626,0.6039376000000001,0.5177493,0.51871383,0.5742778000000001,0.5675915,0.85921955,0.7453375,0.39828559999999996,0.36481762,0.52431554,0.46865788,0.5268829,0.43553793,0.9519574000000001,0.44347253,3.0,0.55211294,0.49665004,0.5080917,cluster0_pred,3.0,1
0.8128656,0.5542264,0.5568297,0.543525,0.5390935,0.5714291,0.052531312999999996,0.27424556,0.4170137,0.6167467,0.67686194,0.6897986,0.69134223,0.73057723,0.69265926,0.60501677,0.6431916,0.64110917,0.48367432,0.2791761,0.16558225,0.6522133000000001,0.4297775,0.75823045,0.81420803,0.9329644,0.7133792,1.0,0.5089909,0.51945937,0.6072172,cluster2_pred,,3
0.53488946,0.032760672000000005,0.03261388,0.031845972,0.03259916,0.034943115,0.10141716,0.5069246000000001,0.51125455,0.63396657,0.58202606,0.5811873000000001,0.5858591999999999,0.56562644,0.5592372,0.58559895,0.5884767,0.037398178,0.036758825,0.5148399,0.49354312,0.5520268,0.3832908,0.34879875,0.5138654,0.24137653,0.01786816,3.0,0.50795853,0.51178074,0.55828434,cluster2_pred,,2
0.44053897,0.6531096,0.6495847,0.6409001999999999,0.63960755,0.6748145999999999,0.03554226,0.43081972,0.42299312,0.51748145,0.40924668,0.42352253,0.44007219999999997,0.34253955,0.31662413,0.35260302,0.33761975,0.7856116999999999,0.6771991,0.25957602,0.2633276,0.37200856,0.13696253,0.17724915,0.18180399,0.9474168,0.41406992,2.0,0.5604737,0.52491647,0.47446063,cluster0_pred,3.0,3
0.6001459,0.41056037,0.42188597,0.41797838,0.42348722,0.45115459999999996,0.08661775,0.5478166999999999,0.5767888000000001,0.7067150999999999,0.6386406,0.6148413,0.60687035,0.59272677,0.6132793000000001,0.69321257,0.70745414,0.44957079999999994,0.39468816,0.31965315,0.1712234,0.75198966,0.44288465,0.66472095,0.482505,0.90701264,0.35077253,1.0,0.5504547,0.50540334,0.60581225,cluster2_pred,,2
0.4380286,0.681245,0.6798426,0.6874153000000001,0.6790229,0.67192525,0.031642847,0.46394086,0.49232492,0.6468411999999999,0.5700444,0.6020064,0.6065501,0.5462891,0.54678404,0.61959016,0.66590905,0.70749044,0.64325523,0.48987928,0.40378959999999997,0.68961203,0.51592636,0.6726675,0.7183377,0.9719595,0.361156,2.0,0.5263606,0.5358433,0.5402795,cluster2_pred,,3
0.51679456,0.036367353,0.03560598,0.03153976,0.03108994,0.033325377999999996,0.26707745,0.47895983,0.45097268,0.6236673,0.56684536,0.55922824,0.56195426,0.5292305,0.56627953,0.59729373,0.6174369000000001,0.028053313,0.029084066000000002,0.5557042,0.53632253,0.5671709,0.5024693,0.3174378,0.47241127,0.26356223,0.067644656,3.0,0.50180286,0.5643286,0.54069406,cluster1_pred,2.0,1
0.50527966,0.15839334,0.1603765,0.16106713,0.16239211,0.17406848,0.07696239,0.52337456,0.53508687,0.699882,0.6598272,0.6470644,0.662171,0.6545943000000001,0.65279967,0.672335,0.6669495,0.14908210000000002,0.13332395,0.5283324,0.46614003,0.6528693,0.68276495,0.88416123,0.8868341000000001,0.6849352,0.121640615,3.0,0.49592036,0.41030067,0.60335803,cluster2_pred,,1
0.5101896,0.76671994,0.76238686,0.7584853,0.75521386,0.7968345,0.013974856,0.4130021,0.45474273,0.5509483000000001,0.47184172,0.43523490000000004,0.45727363,0.47494197,0.47809774,0.48695109999999997,0.5657514,0.8190319,0.795241,0.49300057,0.46932158,0.54706895,0.40834096,0.13362496,0.17692852,0.94905746,0.37416065,3.0,0.5285995,0.5150791,0.50067484,cluster0_pred,3.0,3
0.5135046,0.07093137,0.07210959,0.06950995,0.073348105,0.078622006,0.0993685,0.5151496,0.49863739999999995,0.6349965,0.5744357,0.55922824,0.5729873000000001,0.55753845,0.5582311,0.5953446,0.6024897,0.07598735400000001,0.085218795,0.53025204,0.5096553,0.5577898,0.476988,0.32934934,0.350628,0.4409017,0.06452723,3.0,0.5065613,0.54932433,0.56255645,cluster2_pred,,1
0.6573815,0.5154546,0.5218221,0.51994675,0.5218884,0.5560093,0.038082644,0.54896146,0.45698345,0.5951702,0.58659285,0.5765009,0.5338359,0.37736496,0.40287897,0.43420770000000003,0.41476807,0.5818291999999999,0.5794154,0.38347040000000004,0.3522544,0.51202536,0.41134828,0.2717797,0.28570214,0.9317810999999999,0.5785008,1.0,0.5206406,0.54091763,0.51452655,cluster1_pred,2.0,3
0.5579193,0.09136921,0.092455864,0.08818885,0.08844031,0.09479938,0.10575485,0.49540973,0.51405835,0.6658943,0.56399894,0.5509936,0.53712994,0.5160875,0.46768677,0.49593922,0.49412256,0.122198395,0.10685238,0.46487308,0.47086469999999997,0.46512604,0.33204168,0.43261656,0.30804762,0.4604263,0.13996767,3.0,0.50002605,0.5523792,0.56391317,cluster2_pred,,1
0.5805226,0.5854843000000001,0.58375853,0.58363867,0.5885959,0.6270918000000001,0.027164453999999998,0.48076984,0.45693558,0.5684942,0.5113082999999999,0.53934723,0.49719030000000003,0.5133286,0.6532839,0.6806180000000001,0.692595,0.5982425,0.5598145999999999,0.6299071999999999,0.6136028,0.595594,0.5609734000000001,0.24391076,0.39236587,0.94297856,0.52376026,1.0,0.4865013,0.524754,0.50213224,cluster1_pred,2.0,1
0.50198966,0.123228215,0.12237685,0.11972861,0.12043578,0.1290954,0.091571115,0.4888298,0.50144124,0.6205775,0.55261344,0.52262986,0.53161347,0.4989005,0.47975937,0.51640505,0.5370958,0.14127576,0.14316149,0.54291606,0.56646335,0.46197292,0.37498940000000003,0.19343346,0.167629,0.5098962,0.107522264,3.0,0.49761277,0.6081379,0.54434496,cluster1_pred,2.0,3
0.54420525,0.79647505,0.7973944000000001,0.8007425,0.7932461999999999,0.8369768,0.017232025,0.4810331,0.45336244,0.61889625,0.5848867,0.5883946,0.56953466,0.5615511999999999,0.46620986,0.53877103,0.47560236,0.89383125,0.8171076999999999,0.42247835,0.43106952,0.4388298,0.40682116,0.47029936,0.4840581,0.95045525,0.38051209999999996,3.0,0.5373271,0.49753115,0.50948596,cluster0_pred,3.0,3
0.56848687,0.81858546,0.8706349,0.8267603000000001,0.86521244,0.86978143,0.04686839,0.81692654,0.7373075,0.98086643,0.6035228,0.5437963,0.31120549999999997,0.26675686,0.2560284,0.29870158,0.39542133,0.9682948,0.91979116,0.44668153,0.600522,0.11519695,0.505015,0.4318542,0.24539402,0.97720855,1.0,3.0,0.5406579,0.55401015,0.6020299,cluster2_pred,,2
0.48690316,0.5962246999999999,0.5932217,0.5961603,0.5904971999999999,0.5861666999999999,0.015962265,0.44356924,0.5033214,0.6459486,0.6349756,0.61653733,0.6211573,0.6660891,0.6739314999999999,0.6872663,0.6628276999999999,0.6200131,0.548715,0.51714146,0.45282963,0.65240294,0.55357355,0.8399402,0.9105963,0.96016794,0.33131635,3.0,0.50785565,0.5136956,0.568576,cluster2_pred,,1
0.49047473,0.14727275,0.1481089,0.14422551,0.14277224,0.15303789,0.11551972,0.48224983,0.4944317,0.6483856,0.58202606,0.5939966999999999,0.59873104,0.5949454000000001,0.5682916,0.59242094,0.6034239,0.16194649,0.12978555,0.46570185,0.41878143,0.58763844,0.3895308,0.77711296,0.85864747,0.6724055999999999,0.12264878,3.0,0.5003643,0.4187787,0.5900705,cluster2_pred,,2
0.4937647,0.31137666,0.32314673,0.3157038,0.32659528,0.35007825,0.030911326,0.58752924,0.51826406,0.61233807,0.5924628000000001,0.5738675999999999,0.67228466,0.6212313,0.6487755000000001,0.6187341,0.6389235,0.35636142,0.28406692,0.39146814,0.30023804,0.65436065,0.46141768,0.5793969,0.7078408,0.87136245,0.33223563,3.0,0.50351405,0.451905,0.5868009,cluster2_pred,,3
0.5381795,0.09828202,0.09903848,0.09860003,0.09991038,0.10709417,0.03061346,0.5184396,0.5098526,0.6329366,0.591514,0.5811873000000001,0.57022905,0.56158245,0.5672856,0.59144634,0.5800689,0.10402062,0.10840015,0.5346460999999999,0.5208683,0.5441562,0.5094077,0.28460166,0.3601448,0.5444449,0.07155282,3.0,0.5041036,0.5415129,0.5662738,cluster2_pred,,1
0.5217295999999999,0.07093137,0.07360564,0.07165344,0.07515917,0.08056329,0.077970974,0.5299545,0.53368497,0.6504454000000001,0.59341156,0.59033686,0.58677864,0.5666374,0.57634,0.6050901999999999,0.6108975,0.07612905,0.07837421,0.53186285,0.5145202999999999,0.5510507,0.5617263000000001,0.45221198,0.39284444,0.46483320000000006,0.038801577000000004,3.0,0.50668186,0.532009,0.569386,cluster2_pred,,2
0.50034463,0.14937665,0.15110101,0.14177582,0.14488515,0.15530273,0.13764587,0.48389477,0.4565803,0.5690811,0.52509844,0.5125653,0.4920784000000001,0.42610863,0.40933597,0.4657278,0.4978594,0.18503262,0.18810695,0.47665983,0.4888134,0.45654795,0.32112435,0.079312496,0.10874086,0.7891363,0.21689256,3.0,0.50910574,0.64346695,0.52156854,cluster1_pred,2.0,2
0.3001139,0.5598280999999999,0.5629327,0.5611068,0.56850857,0.5865630000000001,0.029519647000000003,0.5550596999999999,0.5500925,0.6563813000000001,0.62820524,0.58952874,0.57815295,0.6047232,0.6065464,0.62225705,0.62922174,0.57262164,0.5778559,0.6862762,0.7258526,0.49361402,0.70714545,0.42513344,0.45641425,0.92461073,0.29594349999999997,2.0,0.47971722,0.53769773,0.54288244,cluster2_pred,,3
0.5250196,0.07333582,0.075700104,0.07379691,0.07636654400000001,0.08185748,0.07046106,0.5299545,0.53228307,0.64426583,0.6028995,0.59674156,0.5950534000000001,0.5666374,0.57533395,0.61191213,0.6034239,0.07654209,0.07703323,0.5307462,0.5100326,0.5582961,0.56005484,0.6641213,0.68293947,0.45933756,0.05795234,3.0,0.5069315,0.45543233,0.5765134,cluster2_pred,,2
0.5151496,0.11000372,0.10891241,0.10288699,0.10111776,0.108388364,0.11847613,0.46250993,0.47620696,0.6030687,0.55166465,0.54641885,0.5435659,0.52013147,0.52100736,0.54856557,0.56325334,0.10964545,0.116349004,0.54816884,0.5425121999999999,0.5318875,0.38733956,0.23020568,0.419116,0.5608603,0.06543330000000001,3.0,0.50979406,0.5519484,0.5518911,cluster1_pred,2.0,3
0.64037675,0.61493886,0.6133803000000001,0.6062983000000001,0.6106305999999999,0.64728296,0.025643922000000003,0.37676254,0.37818359999999995,0.5637681999999999,0.5041666,0.5947640000000001,0.6413194000000001,0.5595604000000001,0.86582404,0.91640615,0.87976795,0.66300297,0.53609276,0.34985486,0.16422121,0.85231173,0.46103895,0.49943238,0.67598736,0.9375593000000001,0.6190933000000001,1.0,0.5345091,0.49706346,0.54684585,cluster2_pred,,3
0.66082525,0.7207695,0.71805763,0.71928215,0.7098641,0.74402165,0.018694486,0.43396482,0.51556474,0.626077,0.6121664000000001,0.5666209,0.5778638,0.5304095,0.49357796,0.53870505,0.5301724,0.7910866999999999,0.7200911,0.44720232,0.44609112,0.47305867,0.40781128,0.5601421999999999,0.50071555,0.9331110999999999,0.3324803,1.0,0.5401237,0.50911397,0.526985,cluster0_pred,3.0,2
0.5221252000000001,0.57376117,0.5779357,0.58254445,0.5805024000000001,0.60159975,0.013799199,0.5311614,0.58617413,0.675297,0.6335997,0.6758491,0.6951378,0.6243555000000001,0.64264697,0.6089755,0.5780003,0.6234592,0.5298096,0.50669754,0.4906223,0.5360776999999999,0.56191754,0.8211574,0.815916,0.93191224,0.32477444,3.0,0.5073706,0.5016615,0.56117827,cluster2_pred,,3
0.4583563,0.7976773,0.7947015000000001,0.80104864,0.7920388,0.83570254,0.013174864,0.44377849999999996,0.49201447,0.6807593000000001,0.6175861999999999,0.58659303,0.6546363000000001,0.593408,0.6118335,0.6606445,0.7294915,0.8205463,0.7531770000000001,0.52573377,0.44678304,0.6903017,0.55981505,0.7918454,0.7686465,0.9507394,0.36255917,3.0,0.5266972,0.535422,0.530032,cluster1_pred,2.0,1
0.4440840999999999,0.5197349,0.53264374,0.5277915,0.53595394,0.5529368,0.051597845,0.59705067,0.6267763000000001,0.7023895,0.7190284,0.73216593,0.75585175,0.74297696,0.787231,0.8194983,0.8376271000000001,0.49800044,0.46165258,0.646614,0.57089114,0.74072427,0.8043795,0.89448065,0.93438244,0.93491364,0.28214118,3.0,0.48344767,0.45665216,0.57779807,cluster2_pred,,1
0.49211976,0.070330255,0.0694167,0.06889753,0.0685186,0.07344524599999999,0.119775355,0.49540969999999995,0.5000393,0.6288169,0.5753845000000001,0.55922824,0.55276006,0.53226346,0.55722505,0.57585335,0.5819373000000001,0.08095319599999999,0.082902566,0.52448577,0.5194432,0.5191317,0.39284924,0.15753531,0.19252102,0.34619012,0.047168575,3.0,0.5027081,0.5990036,0.54096025,cluster1_pred,2.0,2
0.53488946,0.09798146,0.10322742,0.09982487,0.102023296,0.10935901,0.13767736,0.54146945,0.56032115,0.6741337,0.5924628000000001,0.59765655,0.60608643,0.57775843,0.59545493,0.63042885,0.6342525,0.103465885,0.08995452,0.49640962,0.45528954,0.5889534000000001,0.5319253,0.50696826,0.42696660000000003,0.5558276999999999,0.07437967,3.0,0.5051761,0.53008586,0.5718753,cluster2_pred,,1
0.5414694999999999,0.17282006,0.18281725,0.17607148,0.18231381,0.1954226,0.1266907,0.5661443,0.55190974,0.6525052,0.6010019,0.5994865,0.6088446999999999,0.59393436,0.57935816,0.6479709,0.65387064,0.156585,0.16274127,0.64842397,0.6494675999999999,0.5644218000000001,0.7402584,0.45663866,0.49551648,0.83756936,0.17952707,3.0,0.5013547,0.5587935,0.5648884,cluster2_pred,,2
0.47765172,0.6407866999999999,0.64898634,0.64886165,0.64081496,0.6792888000000001,0.03404224,0.54436964,0.5348908,0.76040065,0.73880714,0.67169654,0.9496415000000001,0.98960227,0.95937276,0.8701317,0.8555556999999999,0.6782654,0.5139023,0.30142012,0.09480689,0.87754196,0.54207057,0.7999565,0.87787646,0.93611,0.62766653,3.0,0.5225242,0.471314,0.6218896,cluster2_pred,,3
0.43396482,0.7093956,0.71975607,0.72304827,0.7238569,0.7586954,0.020091075,0.5816521,0.55708617,0.71854395,0.6137465999999999,0.6165565,0.59920824,0.5333637,0.5494129,0.5631273,0.5553069,0.7924891,0.7217098000000001,0.45198214,0.45465443,0.46661514,0.47172767,0.5967928000000001,0.40062459999999994,0.9348291999999999,0.33306655,2.0,0.54093534,0.49984437,0.5236341,cluster0_pred,3.0,2
0.50034475,0.16680893,0.17862831,0.16443545,0.16601422,0.17795104,0.29461375,0.51021457,0.7355590999999999,0.88011926,0.81827575,0.79437286,0.79548687,0.7961341,0.7896223000000001,0.7873334,0.79773736,0.118411526,0.09062395,0.6282085999999999,0.5753103,0.6792358000000001,0.8295097,0.9412725000000001,0.81818444,0.83895093,0.30226959999999997,3.0,0.48405358,0.500572,0.61111337,cluster2_pred,,1
0.48882976,0.04688683,0.04637754,0.04409442,0.04467292,0.04788501,0.116460696,0.49211973,0.53088117,0.6463257,0.58392364,0.56746286,0.55276006,0.5332745,0.52804965,0.5505147,0.56325334,0.06396909,0.055240568,0.47121552,0.45196673,0.5264148,0.32465112,0.37631017,0.22606944,0.34351525,0.06352538,3.0,0.5055491,0.56506586,0.56061757,cluster1_pred,2.0,3
0.5574541999999999,0.7406739,0.7554234999999999,0.75346655,0.7589816,0.798254,0.02243558,0.57731414,0.64835453,0.7121012,0.6640639,0.6769643,0.69388026,0.6223466,0.62495846,0.67141974,0.7040175,0.75123733,0.7181954,0.6246549,0.5856003000000001,0.6455847,0.72263145,0.7002674,0.60677207,0.9404679,0.34602663,3.0,0.5115102,0.50444555,0.5328494,cluster2_pred,,1
0.52666456,0.14877553,0.15229784,0.14024477,0.13945195,0.14947887,0.15921038,0.44770494,0.44816880000000003,0.5865899,0.52889353,0.54550385,0.5555183000000001,0.52316445,0.5260376,0.55441296,0.55577976,0.1545238,0.15898938,0.53244233,0.5186795,0.5430665,0.39573562,0.32124853,0.5353277,0.6439391999999999,0.13543405,3.0,0.5030528,0.52256346,0.5500148,cluster2_pred,,1
0.53623265,0.6693395999999999,0.6795057,0.6706026999999999,0.6836768,0.72473705,0.027613709,0.58993214,0.48912638,0.6208218000000001,0.61491674,0.5630854000000001,0.624948,0.6045647,0.7563518,0.7351637,0.70141137,0.65861857,0.7062894000000001,0.6407849,0.56705,0.7333456,0.6205725999999999,0.4293853,0.5432633000000001,0.94324464,0.6532524000000001,3.0,0.4844412,0.4931758,0.5083902,cluster2_pred,,3
0.46250996,0.19295736,0.1962817,0.1852578,0.19046359999999998,0.20415838,0.10019969,0.5233745,0.47901073,0.67104393,0.63041455,0.61046594,0.6465409000000001,0.60505533,0.6407271,0.6869534,0.68469924,0.13736592,0.13985124,0.73757166,0.7354774000000001,0.6143436999999999,0.7791395000000001,0.6112694000000001,0.7355633,0.8467707,0.29806915,3.0,0.4811965,0.49549082,0.5760595,cluster2_pred,,3
0.40995333,0.67100847,0.6707841999999999,0.6737995,0.675025,0.68333507,0.026083931,0.49385098,0.42905572,0.5722771,0.5162079,0.5091441,0.48365559999999996,0.49171552,0.58327705,0.56426024,0.56610364,0.67784405,0.6569871,0.6949166,0.70167196,0.57349825,0.5913278000000001,0.20277429,0.33203337,0.9664726999999999,0.43978542,2.0,0.47614953,0.53642786,0.5010914,cluster1_pred,2.0,2
0.5258448,0.59736216,0.61218774,0.60745853,0.617626,0.6110473000000001,0.036684033,0.6611688,0.6923052,0.7757329000000001,0.6862918,0.6772739999999999,0.5936758000000001,0.55690646,0.5591102,0.5641528,0.51874685,0.6779338,0.5382916999999999,0.3565512,0.32021618,0.5109518,0.4927246,0.72381186,0.5138742999999999,0.96979123,0.5449147,3.0,0.5484344,0.5272652,0.5738381,cluster2_pred,,2
0.3937622,0.6039021,0.60171396,0.6007955,0.5962086,0.6034337,0.031095361000000002,0.40848273,0.42153078,0.5280436,0.42961553,0.44201338,0.44087768,0.39854127,0.31592527,0.35934034,0.33957887,0.71929693,0.6862328000000001,0.39880875,0.4613957,0.30288118,0.26231924,0.06835767,0.10759783,0.96432734,0.43224490000000004,2.0,0.5172725,0.54339355,0.48937878,cluster1_pred,2.0,2
0.47857574,0.5623872,0.57029265,0.56921834,0.57507664,0.5933473000000001,0.022182782999999998,0.56555796,0.5603168000000001,0.6498089,0.5728466999999999,0.5553296,0.46331954,0.40010804,0.40109864,0.5387411,0.54149944,0.6023109999999999,0.62302077,0.6051449999999999,0.6548851,0.43131515,0.5496411,0.21089455,0.09717377,0.92923117,0.38137459999999995,3.0,0.50419605,0.6011791,0.5118167,cluster1_pred,2.0,3
0.46744490000000005,0.183039,0.18341567,0.17576526,0.17506956,0.18765748,0.16764829,0.45593,0.43975747,0.60615855,0.5706405,0.58210224,0.565632,0.5524835,0.5723158,0.6060648,0.5987529,0.18800545,0.16744795,0.5427819,0.5252268,0.5567689,0.49470013,0.5003401,0.72161776,0.81832784,0.22390552,3.0,0.4980766,0.4819664,0.5630987,cluster2_pred,,3
0.48718476,0.08806309,0.087070085,0.08420809,0.08753478,0.09382874,0.14028044,0.50198966,0.49302977,0.5999789000000001,0.53458637,0.5354393,0.52701634,0.49788950000000004,0.513965,0.5505147,0.55671394,0.10780481,0.10644006,0.51639205,0.5200389,0.4952026,0.30223778,0.06767138,0.056905918,0.47002384,0.062056437,3.0,0.50668365,0.64074355,0.5230166,cluster1_pred,2.0,3
0.49211973,0.08716142,0.089164555,0.08665779,0.08693109,0.09318164,0.1456741,0.5135046,0.54910594,0.6741337,0.6085923000000001,0.6077210999999999,0.6152806,0.5898904,0.59042466,0.6226323,0.6379893,0.07756332,0.06900601,0.57074314,0.5563975,0.56274825,0.7494496999999999,0.81997573,0.7480899999999999,0.3947347,0.059997138,3.0,0.5049723,0.4588947,0.5720581,cluster2_pred,,3
0.5160998,0.56466204,0.5810495,0.5703772,0.5770755999999999,0.5980449999999999,0.039277285,0.5883938,0.6336653,0.6564376999999999,0.58929616,0.6012928000000001,0.6387375,0.67248946,0.7135729999999999,0.7472805,0.7225517,0.5655929,0.53922623,0.6022231,0.54937357,0.6666826,0.67974854,0.50426537,0.5934189999999999,0.93503517,0.34101164,3.0,0.4990286,0.49909583,0.5455409,cluster2_pred,,1
0.52348834,0.46371824,0.46272433,0.46492690000000003,0.46484786,0.47690240000000006,0.03782985,0.50409424,0.49651949999999995,0.58158773,0.5359130999999999,0.5363781999999999,0.55316824,0.47153836,0.49958023,0.5337468000000001,0.55539167,0.5192852,0.48768190000000006,0.4043132,0.34774554,0.58051306,0.37113592,0.10500029,0.2635978,0.91548413,0.30332175,3.0,0.5234344,0.552075,0.5134105,cluster1_pred,2.0,3
0.406587,0.85299164,0.85761344,0.84906703,0.8535041999999999,0.8552924000000001,0.025604341,0.4444666,0.37531929999999997,0.568439,0.54632694,0.55039436,0.5636634,0.48345226,0.32024488,0.32293034,0.37952462,0.96753985,0.8871903,0.38727957,0.39402807,0.42623088,0.35948697,0.5818223000000001,0.64114994,0.99229604,0.62385994,2.0,0.52331764,0.53113,0.47552505,cluster1_pred,2.0,2
0.50527966,0.104894266,0.10951083,0.10686773,0.10956939,0.11744769,0.10621913,0.5332445,0.5364888000000001,0.66280454,0.5943604,0.60406125,0.6253941999999999,0.61617637,0.6206060999999999,0.6294543,0.6463971,0.10056391,0.09298963,0.5314042,0.48637962,0.61471826,0.64104956,0.72918403,0.7542047,0.5550944,0.07420531,3.0,0.50450486,0.4442635,0.58245325,cluster2_pred,,3
0.5765738,0.44438249999999996,0.4516844,0.44001284,0.45256847,0.45991096,0.07474154,0.52187485,0.59623516,0.7228372,0.7009331,0.7061731,0.7104415,0.74854624,0.826569,0.80846983,0.75650877,0.47956738,0.37086546,0.3140315,0.13755175,0.8140348000000001,0.5147564,0.7892137,0.8393654,0.8853276,0.62187034,1.0,0.51230454,0.45911226,0.6215043,cluster2_pred,,3
0.55257314,0.74550784,0.7424021,0.74651384,0.7381352,0.7709587,0.01339068,0.45242754,0.52462053,0.6394357,0.5324355,0.5254857,0.53567964,0.5278537,0.52537006,0.57939035,0.6174284000000001,0.7744835,0.7160019,0.54050964,0.5110156,0.5832347,0.50752515,0.24668975,0.27884606,0.93729484,0.35332367,3.0,0.5266693,0.50786686,0.50259274,cluster0_pred,3.0,3
0.52666456,0.12382933,0.12836106,0.12340314,0.12828372,0.13750762,0.10936016,0.52666456,0.5785459,0.69370234,0.6323121,0.6068061,0.6152806,0.58989036,0.618594,0.6479709,0.6305156999999999,0.10596685,0.10579369,0.6281329999999999,0.6308851,0.5507642,0.7998773,0.6966574000000001,0.5079054000000001,0.5226550999999999,0.13225244,3.0,0.4956772,0.5203426,0.57391393,cluster2_pred,,3
0.5941091,0.16079779,0.15977809,0.15157458,0.15454416,0.16565624,0.18356721,0.47073486,0.5420964,0.71121114,0.64749277,0.6617036999999999,0.66400987,0.62729734,0.6447513000000001,0.6518691999999999,0.64266026,0.13917047,0.12738803,0.5975305000000001,0.5745838000000001,0.5954232,0.6781547,0.9093177,0.87306273,0.80887014,0.19290884,1.0,0.49818265,0.44398385,0.5942441,cluster2_pred,,2
0.51679456,0.07784417,0.07839299999999999,0.076552816,0.07576286,0.08121038,0.07100767,0.50198966,0.49443167,0.6391161999999999,0.591514,0.58210224,0.58861744,0.5636044,0.56024325,0.59437,0.6034239,0.07504899,0.073950864,0.5327921,0.50571394,0.5739643,0.51258373,0.5940837,0.65587693,0.43508690000000005,0.06399780000000001,3.0,0.5057521,0.46052295,0.5772465,cluster2_pred,,1
0.4874152,0.5899926999999999,0.58944356,0.5833325,0.5819554,0.6168773,0.015495098999999998,0.43534315,0.7137856,0.6411982,0.6515206,0.6861781,0.8013920999999999,0.8215858,0.8240255999999999,0.900017,0.8557405,0.6235489000000001,0.49373713,0.3667147,0.21265155,0.78752196,0.5375204,0.748762,0.8036728,0.9369909,0.7288574000000001,3.0,0.5292032,0.46469834,0.6026064,cluster2_pred,,2
0.6993884,0.23112805,0.2324861,0.1929131,0.19529311,0.20933515,0.15748299999999998,0.34900564,0.359849,0.47535774,0.40175518,0.3872159,0.4028947,0.42408663,0.43951747,0.4345418,0.4175182,0.3109083,0.26736537,0.25345847,0.22068511,0.45337558,0.19333982,0.03818064,0.18970855,0.8307408000000002,0.38530874,1.0,0.49568036,0.5729321,0.5362559,cluster1_pred,2.0,3
0.4937647,0.12833768,0.12716421,0.12707767,0.12586898,0.13491924,0.05723361,0.50363463,0.50564694,0.6236673,0.57823086,0.58393216,0.6171194999999999,0.6010114000000001,0.6065214,0.6177595,0.6305156999999999,0.11481580000000001,0.11049493,0.6261561,0.631497,0.54384303,0.72501856,0.5148868,0.7114937,0.51523554,0.11919034,3.0,0.49340063,0.47646573,0.56929475,cluster2_pred,,3
0.44645768,0.5754672,0.57510495,0.58138573,0.57736117,0.57309806,0.02179911,0.4984585,0.4540817,0.6323835999999999,0.5883204000000001,0.5627088000000001,0.5355810999999999,0.43261364,0.4592664000000001,0.47161759999999997,0.4782589,0.6326732,0.61087245,0.47633764,0.47071588,0.49741727,0.41990337,0.31788832,0.26958442,0.9605213,0.34806459999999995,3.0,0.5189049,0.5336029,0.5253044,cluster1_pred,2.0,1
0.5069246000000001,0.09707979,0.09694401,0.093088225,0.09326982,0.09997614,0.11078217,0.4855398,0.48742219999999997,0.61851764,0.56684536,0.5656329999999999,0.5555183000000001,0.53630745,0.5300618,0.56610775,0.56699014,0.11976828,0.10190862,0.46721676,0.44392306,0.5338356,0.22740401,0.22814567,0.31615704,0.56248575,0.07484755,3.0,0.51609206,0.55603576,0.5552409,cluster1_pred,2.0,1
0.5055350000000001,0.72617215,0.7390051999999999,0.73608464,0.738992,0.7718541,0.014675173,0.5176733,0.5901823,0.6914206999999999,0.6110207,0.58614194,0.6160468000000001,0.5957060000000001,0.5947680999999999,0.6590935,0.63619125,0.7829703,0.7082162,0.56476265,0.5737673000000001,0.50599515,0.6005603,0.6132989999999999,0.48306748,0.94507325,0.29809517,3.0,0.5222894,0.49619788,0.5308911,cluster2_pred,,3
0.5036347,0.12382933,0.12297527,0.12340314,0.12375606,0.13265441,0.050935663,0.50198966,0.51125455,0.66383445,0.60954106,0.60040146,0.57850385,0.5585494000000001,0.59042466,0.62360686,0.6295814999999999,0.13279708,0.13026674,0.5213581,0.49888968,0.5578514,0.5240845999999999,0.71675503,0.6429863,0.50040025,0.11634329,3.0,0.4985732,0.4494283,0.58405364,cluster2_pred,,2
0.54927146,0.74209565,0.7378729,0.7343465,0.73185277,0.7315323,0.023587173,0.46641546,0.5552655,0.66598874,0.5979785,0.6170975000000001,0.64278865,0.62061954,0.64376223,0.6768771,0.68322605,0.69241494,0.7062034,0.8044848000000001,0.7995893000000001,0.65284365,0.8277448000000001,0.63904405,0.7097616,0.98255897,0.3165334,3.0,0.4689593,0.5270602,0.5272083,cluster2_pred,,1
0.5862746999999999,0.71678865,0.7166423000000001,0.7062457,0.70129716,0.70713156,0.022555187,0.4660515,0.4981201,0.6257946999999999,0.70167357,0.72715837,0.80773187,0.7794234999999999,0.6988768,0.6920775,0.6745025,0.7620852,0.62852806,0.37408447,0.25379118,0.71311295,0.51041234,0.7692098,0.86935896,0.95629585,0.63900745,1.0,0.5207769,0.51063985,0.57724124,cluster2_pred,,2
0.60534704,0.5743299,0.5824649000000001,0.58399296,0.5796456999999999,0.5753708000000001,0.026872655,0.50423634,0.48116344,0.5663646,0.5383336,0.5217350000000001,0.54042506,0.5062964,0.49725187,0.57174015,0.60458595,0.6164001,0.5999621,0.5390909,0.52858824,0.5387253000000001,0.47067020000000004,0.076762885,0.29421970000000003,0.95709795,0.29387262,1.0,0.49980244,0.5459709,0.5042071,cluster1_pred,2.0,3
0.50856966,0.011721708,0.011369978000000001,0.011942238999999999,0.011470073999999999,0.012294798999999999,0.0721818,0.5069246000000001,0.51546025,0.64529574,0.5896164,0.5921668000000001,0.5996505,0.5747253999999999,0.58137023,0.616785,0.6211736999999999,0.0010225751,0.0050620479999999995,0.5433960999999999,0.5137652,0.5849326,0.6707331999999999,0.8349728000000001,0.8519460999999999,0.06746179,0.0020804703,3.0,0.50913405,0.40660036,0.57011575,cluster2_pred,,3
0.51021457,0.14396662,0.14332156,0.14238824,0.14186671,0.15206726,0.011400668999999999,0.48389485,0.48461843,0.65559506,0.60289955,0.56837785,0.51598334,0.49788955,0.45662025,0.51640505,0.5072014,0.200009,0.16490331,0.3627743,0.33895937,0.48503613,0.3014975,0.47258994,0.32834783,0.8102722,0.25925803,3.0,0.5075326,0.51917535,0.5975379,cluster2_pred,,3
0.5184396,0.05981077,0.06073961,0.06093604,0.06217987,0.06665075,0.07265272,0.5266645000000001,0.53508687,0.66486436,0.6066946999999999,0.6022313,0.59781164,0.56158245,0.55722505,0.5817007,0.5856741,0.06667992,0.066044,0.52668625,0.51575315,0.53378,0.53636897,0.84989816,0.6315985,0.37127054,0.05828418,3.0,0.5066566,0.44891217,0.5780747,cluster2_pred,,2
0.46744490000000005,0.40665314,0.40931916,0.40940446,0.4089987,0.43840665,0.06541756,0.5184395,0.42573829999999996,0.5598116999999999,0.49568573,0.47139207,0.5251775,0.5130545,0.48680162,0.5115322,0.5146748999999999,0.46453115,0.45042285,0.48463443,0.49172065,0.47206074,0.40308294,0.16190746,0.3247592,0.9094304,0.33724377,3.0,0.4937833,0.5557904,0.52069694,cluster1_pred,2.0,2
0.5324406,0.557269,0.5598189,0.5582098000000001,0.5570859,0.571681,0.022038328,0.49066636,0.51940423,0.61334515,0.5264474,0.5222713,0.46061102,0.46878713,0.5397255999999999,0.6044548000000001,0.5994482,0.5763434000000001,0.5906705,0.6042966999999999,0.6101058000000001,0.5322973000000001,0.5450576,0.092884794,0.11975283,0.9289275,0.32756186,3.0,0.49295747,0.58460855,0.5019097,cluster1_pred,2.0,3
0.40490370000000003,0.7934694999999999,0.79559916,0.8019673,0.7983775,0.8423929,0.02128283,0.50047064,0.5403295,0.6432359000000001,0.55872774,0.57488066,0.59850556,0.584448,0.5662638000000001,0.61650115,0.52987593,0.8873966,0.808025,0.42607442,0.41463673,0.48677600000000004,0.43475634,0.44673204,0.45172460000000003,0.9522811,0.38428348,2.0,0.5472649,0.48540348,0.5036375,cluster0_pred,3.0,3
0.50856966,0.06522079,0.06462934,0.062160883,0.061576184000000006,0.06600366,0.1394582,0.48389477,0.5056469,0.64117604,0.59436035,0.59125185,0.6014893,0.5797804,0.58640045,0.6109376,0.6062265,0.0659835,0.052275233,0.53435266,0.5157147,0.55523235,0.5157267,0.8332377000000001,0.95631975,0.37549978,0.052879244000000006,3.0,0.5114427,0.40479866,0.5768094,cluster2_pred,,3
0.42430392,0.49357486,0.4978255999999999,0.49042037,0.5008292000000001,0.5090514,0.06493767,0.5617905,0.53324044,0.7071018,0.5969059,0.58694315,0.50221854,0.46325052,0.40072024,0.37668064,0.44989872,0.6490878999999999,0.50368464,0.1229695,0.089702256,0.39204293,0.25395915,0.5482794,0.3570366,0.9466556999999999,0.49362475,2.0,0.5634984,0.5573828,0.58232445,cluster2_pred,,1
0.41645010000000005,0.38441193,0.38478395,0.38123304,0.3773051,0.4044342,0.06450662,0.48224983,0.5028431999999999,0.6339666,0.58771884,0.5354393,0.49299783,0.47868059999999996,0.45963845,0.5017866,0.4474126,0.45218405,0.39694452,0.39039555,0.38931826,0.44578382,0.31845272,0.2647042,0.20990342,0.8956235999999999,0.2848706,2.0,0.52889067,0.5635456,0.5465158,cluster1_pred,2.0,2
0.51021457,0.19175513,0.19209278,0.1929131,0.19197282,0.20577613,0.08576460000000001,0.50856966,0.52387166,0.63396657,0.5611526,0.5738675999999999,0.5840204000000001,0.54945046,0.54112834,0.5680568,0.54363513,0.2123013,0.20921698,0.5432838000000001,0.5542453,0.49119574,0.49302983,0.23310888,0.31861913,0.7345571,0.15290923,3.0,0.5011529,0.57769924,0.55071324,cluster1_pred,2.0,3
0.75809306,0.64172053,0.64870435,0.6523618,0.6484673000000001,0.67492074,0.042295527,0.5463766999999999,0.58774614,0.68584347,0.6477505,0.6737124,0.66685367,0.643209,0.63186455,0.68517363,0.7393441999999999,0.6277816999999999,0.6178197,0.6832547,0.6585624,0.640493,0.8216884,0.90037924,0.9611301,0.939009,0.25286737,1.0,0.4833313,0.5215518,0.5456115,cluster2_pred,,3
0.50034463,0.17492396,0.17414017,0.16933483,0.16933452,0.18151008,0.11031125,0.47402483,0.46078598,0.61439794,0.56399894,0.55556846,0.5573571999999999,0.48373553,0.46969888,0.50471026,0.5370958,0.19930056,0.19203608,0.49169797,0.48598159999999996,0.50498945,0.33027297,0.32057056,0.31077403,0.70777047,0.14261120000000002,3.0,0.5094686,0.5616659,0.5560106,cluster1_pred,2.0,1
0.52337456,0.06672357,0.068219855,0.065835424,0.06550016,0.07020978,0.14793481,0.49211976,0.49162787,0.6205775,0.56305015,0.56197315,0.5527601,0.51507646,0.5280497,0.58072615,0.5753979,0.08056021,0.08133648,0.5193876000000001,0.5153541,0.5143622999999999,0.34871173,0.10769404,0.15412058,0.33820203,0.04865160599999999,3.0,0.5051781,0.61687666,0.53191566,cluster1_pred,2.0,1
0.42303017,0.20137295,0.20017144,0.19750626,0.19619864,0.21030578,0.036356986,0.47402483,0.4776088,0.5958591999999999,0.54786944,0.5308645000000001,0.548163,0.55248344,0.577346,0.60703933,0.6379893,0.23153372,0.18212411,0.4821229,0.46099162,0.53598136,0.42133015,0.2578463,0.4082572,0.8303473,0.3169571,2.0,0.5004351,0.5269847,0.56677383,cluster2_pred,,3
0.47402483,0.21640079,0.21513194,0.20240565,0.20585765,0.22065929999999997,0.19743547,0.39835528,0.48321646,0.60615855,0.6399024999999999,0.63425493,0.65573514,0.6738033,0.6688965,0.6830552,0.69404125,0.17298228,0.19652523,0.7037747,0.688887,0.62768906,0.7145695,0.75545186,0.89017725,0.8641751,0.24023607,3.0,0.4847423,0.44936013,0.5781155,cluster2_pred,,3
0.39259878,0.57120204,0.5700096,0.5761710999999999,0.5730776999999999,0.59389776,0.016156992,0.4935087,0.529698,0.6913279,0.6796401999999999,0.70433146,0.7128159000000001,0.67248946,0.69515073,0.73300374,0.73196024,0.5631446,0.5254896,0.58832353,0.5127741,0.71241707,0.70893884,0.9050481,0.94698143,0.9356863000000001,0.31570240000000005,2.0,0.49098468,0.49268392,0.5786409,cluster2_pred,,1
0.40987024,0.16230059,0.16725834,0.16076092,0.16420317,0.17600976,0.059678942,0.52995455,0.46919740000000004,0.63293666,0.5554598000000001,0.53177947,0.48656190000000005,0.43116358,0.43046296,0.45013478,0.46983337,0.21618040000000002,0.20654373,0.40949840000000004,0.40772253,0.45654170000000005,0.3243448,0.18925795,0.12528515,0.8199249,0.28702092,2.0,0.50848997,0.6078076,0.5461345,cluster1_pred,2.0,1
0.39369443,0.5780264,0.59378785,0.58891785,0.5993498,0.61510926,0.048179753,0.5816722,0.66943276,0.78801626,0.7062892,0.70067835,0.76971775,0.75006217,0.7702843,0.8135806999999999,0.79237896,0.5697788,0.529834,0.63738143,0.57277066,0.7106585,0.7902253,0.9726163000000001,0.92161244,0.9357396000000001,0.31304592,2.0,0.4917479,0.47995728,0.5811215,cluster2_pred,,2
0.47439742,0.5731615,0.5771759,0.5735336999999999,0.57169265,0.60599536,0.019524235,0.4434798,0.46832463,0.585163,0.5144905,0.26078409999999996,0.2020281,0.103516266,0.10151018,0.16926435,0.2781619,0.70856166,0.69442666,0.38394526,0.5009047999999999,0.17027897,0.30092055,0.07472730400000001,0.056830145,0.9405191999999999,0.6033528,3.0,0.5171255,0.57635546,0.56354445,cluster1_pred,2.0,3
0.49705470000000007,0.13434882,0.13314842,0.1332019,0.13281138,0.14236084,0.12932903,0.4855398,0.5028431,0.62881696,0.554511,0.56105816,0.5297746,0.48777953,0.48780775,0.5183541,0.54924035,0.15512264,0.15399554,0.50190413,0.49872178,0.5040274,0.35522887,0.18368470000000003,0.15347715,0.6526478,0.12097294,3.0,0.50770634,0.61712235,0.5420244,cluster1_pred,2.0,1
0.48553973,0.20107238,0.20017144,0.19720004,0.19468942,0.20868805,0.10870173,0.4806049,0.51826406,0.6525053000000001,0.5848724000000001,0.5674629,0.5637930999999999,0.5009225,0.5220134,0.56610775,0.5669901999999999,0.21220906,0.21065608,0.5602239,0.57507885,0.49032015,0.51753163,0.47329920000000003,0.33225468,0.73619825,0.17322679,3.0,0.5059248,0.5606988,0.56899804,cluster2_pred,,3
0.5069246000000001,0.03817069,0.03979492,0.03888883,0.040748946,0.04367889,0.14528956,0.5250195,0.53088117,0.6494154999999999,0.5924628000000001,0.586677,0.57942325,0.5555164,0.5682916,0.5982683000000001,0.6137001,0.03902628,0.044404466,0.5182795,0.4904880999999999,0.5686624,0.49861914,0.4075292,0.20237832,0.29322833,0.025955824,3.0,0.50299615,0.5788774,0.5549631,cluster1_pred,2.0,1
0.29779459999999996,0.90758663,0.93687433,0.92409897,0.9411732,0.94110286,0.0271789,0.6466632,0.52925014,0.64141566,0.5791135000000001,0.5536977,0.5718331999999999,0.3755226,0.4034723,0.52937275,0.5418354999999999,0.9413787,0.9980264999999999,0.8476238000000001,0.96014845,0.40250328,0.6671994000000001,0.25346497,0.2013054,0.9943769,0.70706075,2.0,0.48801193,0.57613796,0.568471,cluster1_pred,2.0,2
0.5027554,0.7773549,0.7749557,0.7835951999999999,0.77411664,0.77384675,0.030922593999999998,0.48095119999999997,0.56146014,0.71058446,0.64870274,0.66446483,0.68151563,0.69178176,0.6710666000000001,0.75242126,0.74904186,0.73814476,0.74129635,0.83262056,0.8499515999999999,0.61501735,0.8996978999999999,0.90301454,0.8919625,0.9858966999999998,0.31367278,3.0,0.46717337,0.52255297,0.5312937,cluster2_pred,,2
0.5741307,0.91981363,0.9258344999999999,0.9223608,0.9317495000000001,0.93380755,0.01379082,0.52313864,0.53300273,0.7079989000000001,0.63035744,0.66303116,0.6849920999999999,0.67058945,0.6089331,0.6474671,0.67407185,0.99014485,0.9488473,0.5156165,0.48954338,0.56342185,0.5668316,0.8965913000000001,0.88312006,0.99203813,0.5601649000000001,3.0,0.5256235,0.5075044,0.50625473,cluster0_pred,3.0,3
0.37075222,0.67271453,0.6840887,0.6842286,0.6873043000000001,0.6930014,0.022209652000000003,0.5716141,0.40815663,0.54960525,0.54438496,0.5175797000000001,0.53157526,0.49828687,0.6441800999999999,0.71118665,0.79273534,0.74007326,0.64928526,0.42484608,0.3286193,0.6818724,0.47954659999999993,0.25810632,0.42633109999999996,0.957044,0.6036618,2.0,0.5264835,0.51091415,0.49790135,cluster0_pred,3.0,2
0.4130021,0.7646161,0.76567817,0.7750206999999999,0.77302265,0.8156314,0.0085994,0.5312464,0.47268847,0.5793446,0.48959288,0.508211,0.5604816,0.53069085,0.5088074,0.6126627,0.57954997,0.819076,0.7968596,0.50966084,0.4698678,0.59223473,0.47873230000000006,0.15704796,0.33051836,0.9495527,0.36223075,2.0,0.5231884,0.50332904,0.49177733,cluster0_pred,3.0,3
0.4434798,0.5830798,0.58914435,0.5854759,0.5837664,0.6187976,0.03564858,0.5167056999999999,0.49328646,0.6065581999999999,0.29111215,0.23725165,0.20566605,0.13351892,0.16221718,0.29459134,0.31420258,0.70814866,0.6997767,0.42463177,0.5422663000000001,0.18819997,0.32481876,0.08587693,0.05116934,0.94106835,0.6210557,3.0,0.51120085,0.582267,0.5610902,cluster1_pred,2.0,1
0.57765925,0.13915773,0.14451839,0.14055097,0.14579068,0.15627337,0.11346528,0.5464044,0.54069453,0.6741337,0.6228241999999999,0.61046594,0.60332817,0.56967044,0.5592372,0.59242094,0.6202395,0.15115933,0.14775844,0.48363950000000006,0.43810020000000005,0.5930386999999999,0.506389,0.7741,0.56896305,0.6733378000000001,0.11085645,1.0,0.502176,0.4776559,0.59013474,cluster2_pred,,2
0.41357782,0.8677778,0.8726164000000001,0.8618138000000001,0.87006706,0.8746679,0.019959621,0.39750218,0.4346624,0.6011466,0.54957604,0.60557276,0.6395633000000001,0.47872517,0.5250536,0.61038876,0.51908255,0.9189938,0.9167913000000001,0.55890334,0.54268754,0.5613961,0.51604867,0.7318899,0.78572917,0.98291415,0.812553,2.0,0.50265074,0.5107701,0.48117188,cluster1_pred,2.0,3
0.50198966,0.21760300000000002,0.21962008,0.21097957,0.21461113,0.23004217,0.049954236,0.57436925,0.54910594,0.6731038,0.59530914,0.56837785,0.6097640999999999,0.6252754,0.6990779,0.7580965000000001,0.70525163,0.22022526,0.16790622,0.43292266,0.33331358,0.6935451,0.51461786,0.4178893,0.47205493,0.8219671999999999,0.35546923,3.0,0.49998087,0.49551657,0.5871821,cluster2_pred,,3
0.48894617,0.41266426,0.41201204,0.40879202,0.40326366,0.42960465,0.054325152,0.44806364,0.5280111999999999,0.61047244,0.46792096,0.39927396,0.44052228,0.33041126,0.29724157,0.33087432,0.301615,0.59149486,0.4608166,0.10995434,0.14618910000000002,0.22540843,0.21110421,0.12184329,0.066725954,0.90485996,0.4856241,3.0,0.5611274,0.5768217,0.5297461,cluster1_pred,2.0,3
0.55133945,0.13074213,0.13135315,0.11697269999999999,0.11620996,0.12456573,0.25941354,0.51021457,0.51686215,0.6319066999999999,0.5763332,0.5683778,0.5601154,0.5342855,0.5290557,0.5505147,0.53335893,0.14107928,0.11416155,0.50943714,0.52001745,0.4758713,0.33050975,0.05678835,0.0846288,0.47391874,0.117712155,3.0,0.50103927,0.67423606,0.5033553,cluster1_pred,2.0,3
0.49540969999999995,0.10309093,0.10951083,0.10166214,0.10172145,0.10903546,0.15199804,0.5135046,0.49863739999999995,0.61851764,0.5450231,0.5473338000000001,0.56839025,0.4928345,0.38619685,0.43064353,0.4315312,0.1693117,0.16362135,0.44160247,0.5009807,0.33077437,0.3364955,0.076168746,0.08685326,0.7767329000000001,0.3365855,3.0,0.4940853,0.6669832,0.5173011,cluster1_pred,2.0,2
0.5069422,0.68737304,0.68489146,0.67917657,0.6791491,0.7199361999999999,0.01991513,0.4564979,0.49606037,0.67889464,0.55297154,0.5476988,0.59857255,0.52455705,0.59512943,0.6271898,0.7697968000000001,0.6683578,0.704167,0.6482713000000001,0.598849,0.68081886,0.5993480999999999,0.56488395,0.4911049,0.9438034,0.6340243,3.0,0.49488467,0.51992255,0.5271316,cluster2_pred,,2
0.5118596,0.022541745,0.021543114,0.02204721,0.021430928,0.022971861,0.124216765,0.5069246000000001,0.5084507,0.63396657,0.5772821,0.5766125,0.57850385,0.54540646,0.55219483,0.5846244,0.5922135000000001,0.02988459,0.028193457,0.5144995,0.5008342,0.53425115,0.36100674,0.0795006,0.22349049,0.20624094,0.025529767999999998,3.0,0.51096743,0.6006836,0.534539,cluster1_pred,2.0,2
0.49987325,0.6300621999999999,0.63964593,0.6407739,0.636759,0.63444775,0.054427425999999994,0.5303108,0.55886084,0.7094835999999999,0.6911588000000001,0.7005047,0.7274130999999999,0.6343896,0.6450544,0.6592366,0.69430345,0.6559498,0.58142596,0.55150574,0.5121329000000001,0.6112986,0.6408931,0.88887817,0.8901551999999999,0.96490175,0.31759109999999996,3.0,0.5063643,0.5155279,0.5628187,cluster2_pred,,1
0.51879907,0.8544134,0.855915,0.8618138000000001,0.85436094,0.85885876,0.022526007,0.5567963,0.54426205,0.68075085,0.65494,0.69986373,0.7545706999999999,0.79276365,0.7964437,0.73934364,0.7398041,0.8613386000000001,0.7654009,0.5380588000000001,0.42085442,0.78448796,0.6556192,0.8208214,0.88616216,0.9901504000000001,0.49405277,3.0,0.51794094,0.5020635,0.5347577,cluster2_pred,,2
0.5167056999999999,0.5782709,0.58944356,0.57996416,0.5822571999999999,0.6171974,0.02709945,0.47276998,0.4600039000000001,0.31823158,0.22447444,0.20014304,0.19202349999999999,0.14952056,0.24680951,0.28880703,0.28001022,0.70697635,0.7053496,0.46683404,0.58168656,0.21482515,0.31899452,0.05295346,0.091531485,0.9418924000000001,0.6406421999999999,3.0,0.4927292,0.56287825,0.5566046,cluster1_pred,2.0,3
